2 0.21180791440217395 0.24259086277173914 0.3402471127717392 0.15130349864130435 0.3710300611413044 0.19694718070652173 0.24683678668478265 0.2892960258152174
2 0.37527598505434784 0.07218070652173912 0.4379033627717392 0.16191830842391305 0.5737729279891304 0.06426205842391307 0.5111455502717392 0.0
2 0.0 0.2659434442934782 0.14705757472826092 0.17253311820652173 0.2914189877717392 0.37846042798913043 0.13750424592391308 0.4803626019021739
2 0.3243248980978261 0.7160113790760869 0.41136633831521746 0.6852284307065217 0.45382557744565216 0.7860691236413043 0.36041525135869573 0.8189750339673912
2 0.42091966711956524 0.87841796875 0.4920388926630435 0.8242824388586957 0.5514818274456521 0.910262398097826 0.4771781589673913 0.9569675611413043
2 0.26275900135869573 0.3222019361413043 0.41773522418478265 0.21074643342391305 0.47505519701086957 0.2892960258152174 0.31689453125000006 0.40287449048913043
1 0.4984077785326087 0.6003099524456521 0.5599736752717392 0.553604789402174 0.6364003057065217 0.6523225203804348 0.5674040421195652 0.699027683423913
1 0.5790803328804348 0.5398055366847826 0.6915973165760869 0.4580715013586956 0.7584706182065217 0.5514818274456521 0.6438306725543479 0.6353388247282609
0 0.6990276834239131 0.4527640964673913 0.7542246942934783 0.41030485733695654 0.8242824388586956 0.4962848165760869 0.7648395040760869 0.5429899796195652
0 0.7595320991847825 0.39756708559782605 0.8179135529891304 0.35404636548913043 0.8943401834239131 0.44851817255434784 0.8348972486413042 0.49734629755434784
0 0.8359587296195652 0.3582922894021739 0.8964631453804348 0.31901749320652173 0.9633364470108694 0.4039359714673913 0.9060164741847825 0.45064113451086957
1 0.6034943953804348 0.7425484035326086 0.6608143682065217 0.700089164402174 0.7266261888586956 0.78076171875 0.6671832540760869 0.8253439198369565
0 0.7255647078804348 0.6576299252717391 0.7903150475543477 0.7329950747282609 0.7287491508152173 0.7743928328804348 0.6682447350543479 0.700089164402174
0 0.730872112771739 0.6491380774456521 0.7903150475543477 0.6034943953804348 0.8561268682065215 0.690535835597826 0.7988068953804346 0.7298106317934783
0 0.7966839334239131 0.5960640285326086 0.8582498301630435 0.5525433084239131 0.9219386888586956 0.6364003057065217 0.8603727921195652 0.6777980638586957
0 0.8518809442934783 0.5344981317934783 0.9198157269021738 0.4846085258152174 0.9888119904891304 0.578018851902174 0.9251231317934783 0.6310929008152174
