1 0.26725260416666674 0.5515407986111112 0.3399522569444444 0.5862630208333334 0.3041449652777778 0.6654730902777778 0.22276475694444448 0.6285807291666667
1 0.30197482638888895 0.7446831597222223 0.3670789930555556 0.7544487847222222 0.3573133680555556 0.8152126736111112 0.28352864583333337 0.7989366319444445
1 0.21950954861111105 0.6763237847222223 0.27267795138888884 0.682834201388889 0.2661675347222222 0.7381727430555556 0.20974392361111105 0.7305772569444445
0 0.39095052083333337 0.7696397569444445 0.4473741319444444 0.7891710069444445 0.4321831597222222 0.8325737847222222 0.3768446180555556 0.8108723958333334
0 0.5113932291666666 0.5254991319444445 0.5623914930555556 0.5938585069444445 0.5059678819444444 0.6405164930555556 0.4506293402777778 0.5667317708333334
1 0.7208116319444444 0.7718098958333334 0.7891710069444445 0.7815755208333334 0.7891710069444445 0.8521050347222222 0.7153862847222222 0.8521050347222222
1 0.7989366319444445 0.8162977430555556 0.8564453125000001 0.8184678819444445 0.8499348958333334 0.8944227430555556 0.7870008680555555 0.8857421875
1 0.858615451388889 0.8282335069444445 0.912868923611111 0.8347439236111112 0.9150390625000001 0.9096137152777778 0.8618706597222222 0.9041883680555556
0 0.9497612847222222 0.760959201388889 0.998046875 0.7739800347222222 0.998046875 0.848849826388889 0.9345703125000001 0.8184678819444445
0 0.7685546875000001 0.6350911458333334 0.8184678819444445 0.6025390625 0.8759765625000001 0.6676432291666667 0.824978298611111 0.7110460069444445
0 0.936740451388889 0.6177300347222223 0.9931640625000001 0.6643880208333334 0.9410807291666666 0.7457682291666667 0.8748914930555555 0.7067057291666667
1 0.7945963541666666 0.3811848958333333 0.868381076388889 0.4527994791666667 0.8130425347222222 0.516818576388889 0.7294921875000001 0.4386935763888889
0 0.6643880208333334 0.4603949652777778 0.756618923611111 0.4896918402777778 0.7392578125000001 0.5678168402777778 0.6405164930555556 0.536349826388889
0 0.575412326388889 0.5732421875 0.6188151041666666 0.5428602430555556 0.6839192708333334 0.6231553819444445 0.6416015625 0.6589626736111112
1 0.4701605902777778 0.4376085069444444 0.5200737847222222 0.4028862847222222 0.5732421875 0.4745008680555555 0.5320095486111112 0.5135633680555556
0 0.40939670138888895 0.6405164930555556 0.49186197916666663 0.6795789930555556 0.4712456597222222 0.7262369791666667 0.38444010416666674 0.6871744791666667
1 0.3106553819444444 0.4896918402777778 0.34646267361111116 0.5222439236111112 0.3931206597222222 0.4788411458333333 0.35080295138888895 0.4506293402777778
1 0.3768446180555556 0.5222439236111112 0.4169921875 0.5645616319444445 0.46799045138888895 0.5135633680555556 0.4224175347222222 0.4734157986111111
1 0.5819227430555556 0.3768446180555555 0.6611328125 0.4007161458333333 0.6481119791666666 0.4527994791666667 0.5623914930555556 0.4245876736111111
0 0.6752387152777778 0.2791883680555556 0.760959201388889 0.3052300347222222 0.737087673611111 0.3714192708333333 0.6546223958333334 0.3453776041666667
1 0.624240451388889 0.2368706597222222 0.6687282986111112 0.2509765625 0.6567925347222222 0.2943793402777778 0.6090494791666666 0.2802734375
0 0.6969401041666666 0.18370225694444445 0.7522786458333334 0.1945529513888889 0.7349175347222222 0.2629123263888889 0.6806640625 0.24989149305555558
0 0.7696397569444445 0.2075737847222222 0.854275173611111 0.23253038194444445 0.8369140625000001 0.3084852430555556 0.7435980902777778 0.2813585069444444
1 0.9182942708333334 0.3735894097222222 0.990993923611111 0.4126519097222222 0.9508463541666666 0.4962022569444444 0.8792317708333334 0.4560546875
