0 0.0 0.6522172317813766 0.04606698520837001 0.6353388247282609 0.08215733846923959 0.7202573029891304 0.02802180857793525 0.7436098845108695
0 0.1366554908906883 0.5865859058704455 0.1983331224696357 0.554956351214575 0.23787006578947373 0.6364024544534413 0.17540169534412958 0.6704042257085021
0 0.0006484058704453871 0.4102511386639676 0.0654889929149798 0.37466788967611336 0.10660741396761138 0.4608584261133603 0.03860387145748992 0.4932787196356275
0 0.09158337550607291 0.3849474949392712 0.12953884109311742 0.3359216852226721 0.19833312246963564 0.385738233805668 0.16433135121457493 0.43713626012145745
0 0.2884773532388664 0.4070881831983805 0.3580623734817814 0.418949266194332 0.3683419787449393 0.3730864119433198 0.30191991396761136 0.35410867914979755
0 0.32485134109311753 0.33196799089068824 0.39206414473684215 0.3485735070850202 0.4149955718623482 0.2845236589068826 0.33987537955465597 0.26712740384615385
0 0.3620160678137652 0.23517610027223235 0.42369369939271256 0.25099087760016753 0.43634552125506076 0.20275580674996516 0.3715049342105263 0.18615029055563317
0 0.4047159665991903 0.1651220900809717 0.46935614224137934 0.1898572198275862 0.48888739224137934 0.1433863146551724 0.4292288714574899 0.11846849696356279
0 0.4529510374493927 0.06074455971659922 0.4964416751012146 0.09158337550607291 0.5312341852226721 0.06074455971659922 0.48695280870445345 0.02041687753036441
0 0.07597309960910238 0.16195913461538464 0.15188403078319143 0.17144800101214577 0.15425624738238172 0.1058166751012146 0.08150827167387971 0.10423519736842109
0 0.1767186845595421 0.1370944872958258 0.1648576015635907 0.19719064114197965 0.26923513192796317 0.2248665014658663 0.2803054760575178 0.1631888698869189
0 0.16224407327586207 0.2228582974137931 0.2054497722672065 0.2299626771255061 0.19793911637931033 0.275390625 0.15348868534482757 0.2652882543103448
0 0.19833312246963564 0.5328156629554656 0.2339163714574899 0.5755155617408907 0.2829421811740891 0.528071229757085 0.24340523785425106 0.4845805921052631
