0 0.3388671875 0.858615451388889 0.40071614583333337 0.7956814236111112 0.49186197916666663 0.858615451388889 0.42892795138888895 0.9302300347222222
0 0.2705078125 0.614474826388889 0.3399522569444444 0.6557074652777778 0.30305989583333337 0.7164713541666667 0.2314453125 0.6763237847222223
0 0.1142578125 0.5320095486111112 0.17936197916666669 0.5689019097222223 0.1533203125 0.614474826388889 0.08930121527777779 0.5743272569444445
0 0.1359592013888889 0.5352647569444445 0.15983072916666669 0.5092230902777778 0.21516927083333337 0.5472005208333334 0.19129774305555558 0.5721571180555556
0 0.1652560763888889 0.4690755208333333 0.2650824652777778 0.5396050347222223 0.30197482638888895 0.4886067708333333 0.2064887152777778 0.4180772569444444
0 0.11859809027777779 0.09255642361111112 0.23036024305555558 0.1576605902777778 0.18153211805555558 0.2466362847222222 0.055664062500000056 0.1880425347222222
0 0.29763454861111116 0.24989149305555558 0.3920355902777778 0.2466362847222222 0.3931206597222222 0.3236762152777778 0.29654947916666674 0.3236762152777778
0 0.5439453125 0.055664062500000014 0.6057942708333334 0.0871310763888889 0.5580512152777778 0.2064887152777778 0.49186197916666663 0.17176649305555555
0 0.614474826388889 0.10015190972222222 0.6741536458333334 0.1240234375 0.643771701388889 0.2021484375 0.5819227430555556 0.17936197916666666
0 0.7924262152777778 0.10991753472222222 0.8618706597222222 0.14029947916666666 0.834743923611111 0.2162543402777778 0.7642144097222222 0.1869574652777778
0 0.33127170138888895 0.05891927083333334 0.4278428819444444 0.07194010416666667 0.4213324652777778 0.15657552083333334 0.3236762152777778 0.1435546875
