0 0.2900390625 0.0871310763888889 0.3681640625 0.14246961805555555 0.32693142361111116 0.2021484375 0.2412109375 0.1381293402777778
0 0.44303385416666674 0.20540364583333334 0.5613064236111112 0.2661675347222222 0.5157335069444444 0.3388671875 0.3963758680555556 0.2683376736111111
0 0.663302951388889 0.3844401041666667 0.7186414930555556 0.4430338541666667 0.6524522569444444 0.5016276041666667 0.5927734375 0.4441189236111111
0 0.08930121527777785 0.7208116319444445 0.15223524305555558 0.6643880208333334 0.20323350694444448 0.731662326388889 0.14138454861111116 0.780490451388889
0 0.868381076388889 0.4506293402777778 0.9096137152777778 0.4538845486111111 0.8944227430555555 0.5374348958333334 0.8510199652777778 0.5320095486111112
0 0.7577039930555555 0.3095703125 0.8076171875000001 0.3063151041666667 0.8304036458333334 0.4039713541666667 0.7718098958333334 0.4126519097222222
0 0.839084201388889 0.6112196180555556 0.8965928819444445 0.6253255208333334 0.887912326388889 0.6784939236111112 0.829318576388889 0.6698133680555556
0 0.6882595486111112 0.546115451388889 0.7425130208333334 0.5320095486111112 0.7587890625000001 0.5819227430555556 0.7045355902777778 0.594943576388889
0 0.6199001736111112 0.09581163194444445 0.6980251736111112 0.14029947916666666 0.6589626736111112 0.19889322916666666 0.5775824652777778 0.15657552083333334
0 0.9096137152777778 0.3106553819444444 0.9768880208333334 0.3149956597222222 0.9703776041666666 0.3725043402777778 0.9085286458333334 0.3735894097222222
0 0.9497612847222222 0.6166449652777778 0.998046875 0.6177300347222223 0.998046875 0.7208116319444445 0.936740451388889 0.6980251736111112
0 0.9106987847222222 0.6980251736111112 0.9692925347222222 0.7284071180555556 0.936740451388889 0.7728949652777778 0.883572048611111 0.7349175347222223
0 0.844509548611111 0.22493489583333334 0.8955078125000001 0.2162543402777778 0.9009331597222222 0.2748480902777778 0.8499348958333334 0.2781032986111111
