0 0.1771918402777778 0.6991102430555556 0.25423177083333337 0.7153862847222223 0.2455512152777778 0.7685546875 0.16959635416666669 0.751193576388889
0 0.24012586805555558 0.5906032986111112 0.3204210069444444 0.6209852430555556 0.29220920138888895 0.7045355902777778 0.20540364583333337 0.6687282986111112
0 0.3887803819444444 0.673068576388889 0.4810112847222222 0.712131076388889 0.45822482638888895 0.7674696180555556 0.3627387152777778 0.7186414930555556
0 0.3692491319444444 0.7967664930555556 0.44411892361111116 0.8184678819444445 0.42350260416666674 0.8727213541666667 0.35622829861111116 0.8445095486111112
0 0.27267795138888895 0.7718098958333334 0.35080295138888895 0.7848307291666667 0.35080295138888895 0.8423394097222222 0.2748480902777778 0.8379991319444445
0 0.43977864583333337 0.594943576388889 0.49186197916666663 0.5634765625 0.5417751736111112 0.6264105902777778 0.4896918402777778 0.6752387152777778
0 0.3529730902777778 0.5472005208333334 0.4028862847222222 0.5005425347222223 0.45822482638888895 0.5569661458333334 0.41373697916666674 0.5992838541666667
0 0.3052300347222222 0.5254991319444445 0.33561197916666674 0.4940321180555555 0.37467447916666674 0.5233289930555556 0.3377821180555556 0.5569661458333334
0 0.4462890625 0.4614800347222222 0.4864366319444444 0.4354383680555555 0.5472005208333334 0.5048828125 0.5005425347222222 0.5385199652777778
0 0.5623914930555556 0.5981987847222223 0.6079644097222222 0.5634765625 0.6567925347222222 0.6448567708333334 0.6079644097222222 0.6741536458333334
0 0.7045355902777778 0.8087022569444445 0.790256076388889 0.8130425347222222 0.7935112847222222 0.8922526041666667 0.7088758680555556 0.8900824652777778
0 0.7533637152777778 0.6698133680555556 0.805447048611111 0.6296657986111112 0.864040798611111 0.7045355902777778 0.8119574652777778 0.7479383680555556
0 0.6426866319444444 0.4940321180555555 0.741427951388889 0.5254991319444445 0.7240668402777778 0.5927734375 0.6188151041666666 0.5602213541666667
0 0.5710720486111112 0.4061414930555555 0.6524522569444444 0.4408637152777778 0.6372612847222222 0.4810112847222222 0.5547960069444444 0.4538845486111111
0 0.6643880208333334 0.3139105902777778 0.7479383680555555 0.3388671875 0.731662326388889 0.4061414930555555 0.643771701388889 0.3790147569444444
0 0.6025390625 0.2639973958333333 0.6557074652777778 0.2791883680555556 0.643771701388889 0.3236762152777778 0.5906032986111112 0.3063151041666667
0 0.653537326388889 0.2683376736111111 0.7034505208333334 0.2835286458333333 0.721896701388889 0.2292751736111111 0.6719835069444444 0.21082899305555555
0 0.776150173611111 0.4180772569444444 0.8597005208333334 0.4864366319444444 0.8076171875000001 0.5439453125 0.7164713541666666 0.4723307291666667
0 0.9204644097222222 0.643771701388889 0.990993923611111 0.6980251736111112 0.9378255208333334 0.7826605902777778 0.8629557291666666 0.7370876736111112
0 0.9063585069444445 0.4083116319444444 0.9823133680555555 0.4462890625 0.9443359375000001 0.5222439236111112 0.8618706597222222 0.4810112847222222
0 0.7435980902777778 0.24446614583333334 0.8336588541666666 0.2683376736111111 0.8141276041666666 0.3366970486111111 0.7229817708333334 0.3041449652777778
0 0.8499348958333334 0.8597005208333334 0.9182942708333334 0.868381076388889 0.917209201388889 0.9389105902777778 0.8455946180555555 0.9302300347222222
0 0.795681423611111 0.8423394097222222 0.8412543402777778 0.8434244791666667 0.8401692708333334 0.9193793402777778 0.795681423611111 0.9150390625
0 0.9204644097222222 0.7967664930555556 0.995334201388889 0.8108723958333334 0.9888237847222222 0.8759765625 0.903103298611111 0.848849826388889
