2 0.24259086277173914 0.4580715013586956 0.29460343070652173 0.4580715013586956 0.29460343070652173 0.5493588654891304 0.24259086277173914 0.5493588654891304
2 0.33387822690217395 0.44851817255434784 0.41242781929347827 0.44851817255434784 0.41242781929347827 0.56103515625 0.33387822690217395 0.56103515625
2 0.7542246942934782 0.4336574388586956 0.8317128057065218 0.4336574388586956 0.8317128057065218 0.6682447350543478 0.7542246942934782 0.6682447350543478
2 0.6565684442934783 0.7743928328804348 0.7521017323369564 0.7743928328804348 0.7521017323369564 0.8635572350543478 0.6565684442934783 0.8635572350543478
2 0.5769573709239131 0.7797002377717391 0.6533840013586957 0.7797002377717391 0.6533840013586957 0.8582498301630435 0.5769573709239131 0.8582498301630435
2 0.8794794497282609 0.7903150475543478 0.944229789402174 0.7903150475543478 0.944229789402174 0.87841796875 0.8794794497282609 0.87841796875
2 0.32750934103260876 0.7892535665760869 0.4177352241847826 0.7892535665760869 0.4177352241847826 0.8847868546195652 0.32750934103260876 0.8847868546195652
2 0.4357804008152174 0.837020210597826 0.5005307404891305 0.837020210597826 0.5005307404891305 0.8816024116847826 0.4357804008152174 0.8816024116847826
2 0.4538255774456522 0.7659009850543478 0.5005307404891305 0.7659009850543478 0.5005307404891305 0.8253439198369565 0.4538255774456522 0.8253439198369565
2 0.5079611073369565 0.7659009850543478 0.5716499660326086 0.7659009850543478 0.5716499660326086 0.8805409307065217 0.5079611073369565 0.8805409307065217
2 0.36572265625 0.5843877377717391 0.42516559103260876 0.5843877377717391 0.42516559103260876 0.7287491508152174 0.36572265625 0.7287491508152174
2 0.0 0.5557277513586957 0.08173403532608692 0.5557277513586957 0.08173403532608692 0.650199558423913 0.0 0.650199558423913
2 0.06001613451086957 0.02711022418478263 0.13856572690217395 0.02711022418478263 0.13856572690217395 0.08018427309782611 0.06001613451086957 0.08018427309782611
2 0.8932787024456522 0.11096722146739132 0.9633364470108695 0.11096722146739132 0.9633364470108695 0.19376273777173914 0.8932787024456522 0.19376273777173914
2 0.2839886209239131 0.07487686820652176 0.3264478600543479 0.07487686820652176 0.3264478600543479 0.1566109035326087 0.2839886209239131 0.1566109035326087
2 0.3561693274456522 0.13007387907608697 0.4485181725543478 0.13007387907608697 0.4485181725543478 0.24471382472826086 0.3561693274456522 0.24471382472826086
2 0.2011931046195652 0.1905782948369565 0.3232634171195652 0.1905782948369565 0.3232634171195652 0.2850501019021739 0.2011931046195652 0.2850501019021739
