0 0.4951171875 0.0849609375 0.5895182291666666 0.08279079861111112 0.5862630208333334 0.1674262152777778 0.4896918402777778 0.1728515625
0 0.06000434027777779 0.17936197916666666 0.18587239583333337 0.1630859375 0.19563802083333337 0.3008897569444444 0.06976996527777779 0.3171657986111111
0 0.1240234375 0.5005425347222223 0.1945529513888889 0.4875217013888889 0.20106336805555558 0.5699869791666667 0.1337890625 0.585177951388889
0 0.2943793402777778 0.5157335069444445 0.3638237847222222 0.4929470486111111 0.3920355902777778 0.614474826388889 0.3193359375 0.6274956597222223
0 0.5580512152777778 0.7186414930555556 0.6220703125 0.7067057291666667 0.6264105902777778 0.8130425347222222 0.5634765625 0.8087022569444445
0 0.5439453125000001 0.8141276041666667 0.6318359375000001 0.8184678819444445 0.6307508680555557 0.8987630208333334 0.5417751736111113 0.887912326388889
0 0.5037977430555556 0.3074001736111111 0.6220703125 0.3008897569444444 0.624240451388889 0.3746744791666667 0.5027126736111112 0.3800998263888889
0 0.507052951388889 0.3898654513888889 0.6470269097222222 0.3790147569444444 0.673068576388889 0.5211588541666667 0.5244140625 0.5385199652777778
0 0.6491970486111112 0.5374348958333334 0.7045355902777778 0.5222439236111112 0.737087673611111 0.6578776041666667 0.6774088541666666 0.6698133680555556
0 0.34212239583333337 0.14898003472222224 0.4169921875 0.13487413194444445 0.42024739583333337 0.17610677083333334 0.3442925347222222 0.18912760416666666
0 0.43977864583333337 0.5450303819444445 0.4896918402777778 0.5341796875 0.507052951388889 0.6264105902777778 0.45822482638888895 0.6372612847222223
