3 0.2670049252717392 0.48991593070652173 0.5015922214673914 0.47823963994565216 0.5037151834239131 0.5546662703804348 0.2691278872282609 0.56103515625
3 0.26806640625000006 0.5695270040760869 0.5015922214673914 0.5599736752717391 0.5079611073369565 0.6236625339673912 0.2670049252717392 0.6310929008152174
3 0.5950025475543479 0.23409901494565216 0.6289699388586956 0.23197605298913043 0.6385232676630435 0.5005307404891304 0.5992484714673914 0.4994692595108695
2 0.5005307404891304 0.24152938179347827 0.5536047894021738 0.24365234375 0.5557277513586956 0.5398055366847826 0.5079611073369565 0.5398055366847826
2 0.28929602581521746 0.8083602241847826 0.423042629076087 0.80517578125 0.42091966711956524 0.9293690557065217 0.2903575067934783 0.9304305366847826
2 0.4739937160326087 0.861434273097826 0.5896951426630435 0.8593113111413043 0.5918181046195652 0.9325534986413043 0.47293223505434784 0.934676460597826
0 0.8030528192934783 0.033479110054347845 0.877356487771739 0.033479110054347845 0.8794794497282608 0.14918053668478262 0.8019913383152173 0.14705757472826086
0 0.8932787024456521 0.04090947690217393 0.9697053328804348 0.037725033967391325 0.9803201426630435 0.1428116508152174 0.8964631453804348 0.14387313179347827
0 0.8306513247282608 0.651261039402174 0.9081394361413042 0.6480765964673912 0.9176927649456521 0.7669624660326086 0.8370202105978259 0.7690854279891304
2 0.7521017323369565 0.8465735394021738 0.8189750339673914 0.8486965013586957 0.8253439198369565 0.9336149796195652 0.7542246942934783 0.9314920176630435
3 0.7223802649456521 0.6427691915760869 0.8179135529891304 0.6459536345108695 0.8264054008152173 0.7680239470108695 0.7276876698369563 0.7701469089673914
0 0.7361795176630435 0.430472995923913 0.8157905910326086 0.42410411005434784 0.8200365149456521 0.5387440557065217 0.7425484035326086 0.5387440557065217
1 0.8221594769021738 0.41667374320652173 0.8975246263586956 0.4198581861413043 0.901770550271739 0.5398055366847826 0.828528362771739 0.5387440557065217
1 0.9081394361413042 0.4007515285326087 0.9909349524456521 0.39438264266304346 0.9941193953804348 0.53662109375 0.9123853600543477 0.5313136888586957
0 0.7308721127717392 0.25639011548913043 0.8072987432065217 0.252144191576087 0.8136676290760869 0.3604152513586956 0.7361795176630435 0.35935377038043476
0 0.8221594769021738 0.24577530570652173 0.8985861073369565 0.24895974864130432 0.8985861073369565 0.357230808423913 0.8242824388586956 0.357230808423913
0 0.9102623980978259 0.2500212296195652 0.982443104619565 0.24577530570652173 0.9888119904891304 0.36466117527173914 0.9113238790760869 0.36784561820652173
