0 0.046216881793478326 0.1258279551630435 0.14387313179347833 0.17784052309782608 0.09186056385869568 0.2574515964673913 0.0005731997282609202 0.1990701426630435
0 0.14175016983695654 0.3720915421195652 0.28080417798913043 0.32750934103260876 0.3211404551630435 0.4262270720108696 0.18420940896739135 0.47293223505434784
0 0.4984077785326087 0.3062797214673913 0.5907566236413044 0.283988620923913 0.6226010529891304 0.39119819972826086 0.5291907269021738 0.41667374320652173
0 0.6268469769021738 0.05577021059782611 0.70751953125 0.02711022418478263 0.7393639605978259 0.09610648777173915 0.65869140625 0.12901239809782608
0 0.6130477241847827 0.5164529551630435 0.6703676970108696 0.48991593070652173 0.7149498980978262 0.5578507133152174 0.6576299252717392 0.5886336616847826
0 0.6947817595108696 0.6576299252717391 0.7627165421195652 0.6215395720108695 0.8094217051630435 0.6884128736413043 0.7372409986413042 0.73193359375
0 0.8136676290760869 0.6374617866847826 0.9102623980978259 0.6862899116847826 0.9431683084239131 0.6162321671195652 0.8412661345108696 0.5705884850543478
0 0.7913765285326086 0.894340183423913 0.7892535665760867 0.9686438519021738 0.909200917119565 0.9856275475543477 0.9155698029891304 0.9081394361413043
0 0.5408670176630435 0.8561268682065217 0.6194166100543479 0.85400390625 0.6247240149456521 0.97607421875 0.5472359035326086 0.9781971807065217
0 0.7245032269021738 0.7765157948369564 0.804114300271739 0.7414869225543477 0.8370202105978259 0.7988068953804347 0.755286175271739 0.8370202105978259
0 0.6102223115808824 0.44435029871323534 0.6698369565217392 0.4152064018542199 0.6921280570652175 0.4534197170716112 0.6317641314338235 0.4845616957720589
1 0.03878651494565222 0.31795601222826086 0.08124575407608697 0.29354194972826086 0.12795091711956524 0.35404636548913043 0.07912279211956524 0.38058338994565216
