0 0.3519234035326087 0.42941151494565216 0.46019446331521746 0.37846042798913043 0.479301120923913 0.42941151494565216 0.3710300611413044 0.47505519701086957
0 0.40287449048913043 0.5281292459239131 0.4623174252717392 0.5100840692934783 0.479301120923913 0.5631581182065217 0.4187967051630435 0.578018851902174
1 0.5429899796195652 0.699027683423913 0.5981869904891304 0.6480765964673912 0.6459536345108696 0.7043350883152174 0.58544921875 0.7521017323369565
1 0.5143299932065217 0.9378609035326086 0.5971255095108696 0.9304305366847826 0.6045558763586956 0.9898734714673912 0.5228218410326086 0.9951808763586956
1 0.20013162364130438 0.7765157948369565 0.26488196331521746 0.796683933423913 0.24683678668478265 0.8646187160326086 0.1831479279891305 0.8497579823369565
1 0.3062797214673913 0.7085810122282609 0.38482931385869573 0.675675101902174 0.4124278192934783 0.739363960597826 0.32857082201086957 0.7743928328804348
1 0.3703900505514706 0.7631692325367646 0.4378877527573529 0.7344468060661764 0.4623018152573529 0.8033806295955882 0.38762350643382354 0.8277946920955882
1 0.3007381663602941 0.6691032858455882 0.3337689568014706 0.6461253446691176 0.3589010799632353 0.6762838924632353 0.3258702895220588 0.6978257123161764
1 0.014231962316176506 0.5757553998161764 0.07742130055147062 0.5707289751838235 0.08101160386029414 0.6166848575367647 0.013513901654411797 0.6224293428308824
1 0.21528894761029413 0.4766630284926471 0.2978659237132353 0.48815199908088236 0.28278664981617646 0.5829360064338235 0.20092773437500003 0.5707289751838235
