0 0.49294704861111116 0.1674262152777778 0.5992838541666666 0.22276475694444445 0.555881076388889 0.3041449652777778 0.4452039930555556 0.2412109375
0 0.3291015625 0.0578342013888889 0.40939670138888895 0.10557725694444445 0.3681640625 0.16634114583333334 0.28678385416666674 0.11317274305555555
0 0.16634114583333337 0.7446831597222223 0.2260199652777778 0.6882595486111112 0.1771918402777778 0.6350911458333334 0.11208767361111116 0.6882595486111112
0 0.6578776041666666 0.05891927083333334 0.7186414930555556 0.1164279513888889 0.6687282986111112 0.1728515625 0.5992838541666666 0.11859809027777778
1 0.8011067708333334 0.2889539930555556 0.8521050347222222 0.2846137152777778 0.8575303819444445 0.3746744791666667 0.8087022569444445 0.3790147569444444
1 0.7229817708333334 0.5222439236111112 0.7739800347222222 0.4864366319444444 0.8043619791666666 0.5309244791666667 0.7522786458333334 0.5667317708333334
1 0.8792317708333334 0.585177951388889 0.9182942708333334 0.5906032986111112 0.912868923611111 0.6470269097222223 0.868381076388889 0.6405164930555556
1 0.8911675347222222 0.4093967013888889 0.9356553819444445 0.4083116319444444 0.9204644097222222 0.4951171875 0.8759765625000001 0.4886067708333333
1 0.8727213541666666 0.1999782986111111 0.917209201388889 0.1880425347222222 0.9334852430555555 0.24012586805555555 0.8846571180555555 0.24989149305555558
1 0.9204644097222222 0.2922092013888889 0.9920789930555555 0.2889539930555556 0.9931640625000001 0.3464626736111111 0.9215494791666666 0.3486328125
1 0.9334852430555555 0.6741536458333334 0.9975043402777778 0.6936848958333334 0.9801432291666666 0.7381727430555556 0.9150390625000001 0.7208116319444445
1 0.9736328125000001 0.5927734375 0.9649522569444445 0.6719835069444445 0.998046875 0.6749921085858586 0.998046875 0.5971137152777778
0 0.7099609375 0.3421223958333333 0.7739800347222222 0.3985460069444444 0.7132161458333334 0.4723307291666667 0.6448567708333334 0.4126519097222222
