0 0.13482481060606064 0.40471117424242425 0.24431818181818185 0.4159564393939394 0.23721590909090912 0.47514204545454547 0.13127367424242428 0.46330492424242425
0 0.18986742424242428 0.47691761363636365 0.2632575757575758 0.4852035984848485 0.26029829545454547 0.5301846590909091 0.1880918560606061 0.5224905303030303
0 0.27923768939393945 0.4266098484848485 0.33428030303030304 0.45087594696969696 0.314157196969697 0.499408143939394 0.2567471590909091 0.4745501893939394
0 0.16500946969696972 0.6970880681818181 0.2478693181818182 0.7254971590909091 0.22064393939393942 0.8018465909090908 0.13127367424242428 0.7728456439393939
0 0.26562500000000006 0.7178030303030303 0.3100142045454546 0.7237215909090908 0.29936079545454547 0.7675189393939393 0.25437973484848486 0.7604166666666666
0 0.6302083333333333 0.7136600378787878 0.7302320075757575 0.7030066287878787 0.734966856060606 0.7781723484848484 0.6361268939393939 0.7888257575757575
0 0.3212594696969697 0.843276515151515 0.3999763257575758 0.8261126893939393 0.4195075757575758 0.9083806818181818 0.3407907196969697 0.9290956439393938
0 0.33901515151515155 0.6657196969696969 0.40352746212121215 0.6669034090909091 0.3964251893939394 0.715435606060606 0.3289535984848485 0.7107007575757576
0 0.08451704545454548 0.9142992424242423 0.1596827651515152 0.9285037878787878 0.14547821969696972 0.9999999999999999 0.06972064393939396 0.9857954545454545
0 0.5142045454545454 0.9154829545454544 0.5775331439393938 0.9267282196969696 0.5611700646167558 0.9962713068181818 0.4982244318181818 0.9841382575757575
