2 0.34767747961956524 0.0026961616847826306 0.5536047894021738 0.02392578125000002 0.5079611073369565 0.276558254076087 0.29248046875000006 0.24152938179347827
2 0.4952233355978261 0.29672639266304346 0.562096637228261 0.332816745923913 0.4103048573369566 0.5090225883152174 0.34767747961956524 0.46337890625
3 0.5822647758152175 0.09504500679347828 0.8348972486413042 0.0037576426630434997 0.8816024116847825 0.1258279551630435 0.6406462296195652 0.22879161005434784
3 0.6013714334239131 0.5631581182065217 0.5493588654891304 0.6374617866847826 0.6523225203804348 0.7170728600543478 0.7191958220108696 0.6353388247282609
3 0.6268469769021738 0.568465523097826 0.7276876698369565 0.6279084578804348 0.7478558084239131 0.6034943953804348 0.6544454823369565 0.5313136888586957
2 0.4644403872282609 0.5260062839673912 0.5228218410326086 0.5758958899456521 0.5472359035326086 0.5429899796195652 0.4899159307065218 0.4909774116847826
2 0.49946925951086957 0.4835470448369565 0.5493588654891304 0.529190726902174 0.58544921875 0.4846085258152174 0.5291907269021738 0.44321076766304346
3 0.5451129415760869 0.42622707201086957 0.5674040421195652 0.4007515285326087 0.6289699388586956 0.45170261548913043 0.6034943953804348 0.48142408288043476
2 0.2659434442934783 0.625785495923913 0.2967263926630435 0.650199558423913 0.3370626698369566 0.6045558763586957 0.300972316576087 0.5758958899456521
2 0.17677904211956524 0.44108780570652173 0.2670049252717392 0.5164529551630435 0.21499235733695654 0.5727114470108695 0.13325832201086962 0.48991593070652173
2 0.050462805706521785 0.5068996263586957 0.13113536005434784 0.5812032948369565 0.10247537364130438 0.617293648097826 0.01967985733695654 0.53662109375
2 0.06426205842391308 0.5037151834239131 0.12158203125000006 0.5642195991847826 0.1534264605978261 0.53662109375 0.09610648777173919 0.47505519701086957
3 0.11733610733695654 0.739363960597826 0.18739385190217395 0.7924380095108695 0.16085682744565222 0.8179135529891304 0.09292204483695654 0.7680239470108695
2 0.2903575067934783 0.7372409986413043 0.3795219089673913 0.7934994904891304 0.34130859375000006 0.8380816915760869 0.25532863451086957 0.7743928328804348
3 0.19800866168478265 0.8465735394021738 0.27125084918478265 0.8964631453804347 0.24789826766304351 0.9293690557065217 0.17571756114130438 0.87841796875
2 0.6650602921195652 0.8380816915760869 0.7287491508152173 0.885848335597826 0.7478558084239131 0.8497579823369565 0.6905358355978262 0.8019913383152174
2 0.6151706861413044 0.8932787024456521 0.6862899116847827 0.9442297894021738 0.6555069633152175 0.9845660665760869 0.5833262567934783 0.943168308423913
2 0.6538957868303571 0.8431047712053572 0.7271379743303571 0.8997802734375 0.7001081194196428 0.9329136439732143 0.6242501395089285 0.8805977957589286
3 0.8823673023897058 0.16574276194852947 0.9570456112132353 0.24113913143382357 0.9189883961397058 0.2799144071691177 0.8407197840073529 0.19733743106617652
3 0.9189883961397058 0.28781307444852944 0.964944278492647 0.32515222886029416 0.8945743336397058 0.4091653262867647 0.8493365119485294 0.3553107766544118
2 0.7437815946691176 0.21959731158088236 0.7976361443014706 0.2756060431985291 0.8306669347426471 0.2490377987132351 0.7768123851102942 0.19015682444852944
3 0.07414740296803651 0.8008704337899544 0.13746789383561642 0.8543807077625571 0.08039026826484016 0.917701198630137 0.020637128995433768 0.8668664383561644
