1 0.13053385416666669 0.06434461805555557 0.2314453125 0.12185329861111112 0.18587239583333337 0.2140842013888889 0.07085503472222227 0.15983072916666666
0 0.30740017361111116 0.2195095486111111 0.39963107638888895 0.21299913194444445 0.4018012152777778 0.2846137152777778 0.30631510416666674 0.2856987847222222
0 0.4419487847222222 0.7577039930555556 0.5005425347222222 0.8087022569444445 0.43001302083333337 0.8803168402777778 0.3725043402777778 0.8249782986111112
1 0.29329427083333337 0.5830078125 0.3583984375 0.624240451388889 0.3149956597222222 0.6893446180555556 0.25314670138888895 0.6524522569444445
0 0.13270399305555558 0.5005425347222223 0.19129774305555558 0.5439453125 0.16634114583333337 0.5862630208333334 0.10340711805555558 0.5428602430555556
1 0.1674262152777778 0.5124782986111112 0.1967230902777778 0.5352647569444445 0.21950954861111116 0.5179036458333334 0.19129774305555558 0.4918619791666667
1 0.17827690972222227 0.4452039930555555 0.2759331597222222 0.5059678819444445 0.3139105902777778 0.4495442708333333 0.21733940972222227 0.3909505208333333
1 0.35188802083333337 0.024197048611111122 0.44845920138888895 0.023111979166666678 0.4473741319444444 0.12076822916666667 0.34537760416666674 0.11859809027777778
1 0.5743272569444444 0.029622395833333346 0.6350911458333334 0.05023871527777779 0.585177951388889 0.1576605902777778 0.5287543402777778 0.1359592013888889
1 0.6426866319444444 0.0654296875 0.702365451388889 0.08604600694444445 0.6622178819444444 0.1728515625 0.604709201388889 0.1478949652777778
1 0.7989366319444445 0.07845052083333334 0.8651258680555555 0.09798177083333334 0.8423394097222222 0.18153211805555555 0.7750651041666666 0.1630859375
