0 0.1851303998161765 0.376852596507353 0.2720157398897059 0.38546932444852944 0.2648351332720588 0.4436322380514706 0.17938591452205885 0.43716969209558826
1 0.3136632582720588 0.39983053768382354 0.3696719898897059 0.4307071461397059 0.3373592601102941 0.4680463005514706 0.2885311351102941 0.43716969209558826
1 0.22031537224264708 0.455121208639706 0.26986155790441174 0.452248965992647 0.2712976792279412 0.49102424172794107 0.22175149356617646 0.4938964843749999
0 0.5448787913602942 0.5190286075367647 0.6209932215073529 0.544878791360294 0.5958610983455882 0.6145306755514706 0.5211827895220588 0.5850901884191176
1 0.640380859375 0.6877728630514706 0.7466538373161764 0.6712574678308824 0.7559886259191176 0.7480899586397058 0.6504337086397058 0.757424747242647
1 0.5132841222426471 0.9268870634191176 0.5807818244485294 0.9333496093749999 0.5723430506713555 0.998046875 0.5017951516544118 0.9958208869485293
0 0.11906881893382354 0.8909840303308822 0.20236385569852944 0.9017549402573529 0.19590130974264708 0.9800235523897058 0.10757984834558826 0.972124885110294
0 0.19231100643382354 0.671975528492647 0.2648351332720588 0.7006979549632353 0.23970301011029416 0.7775304457720588 0.1621524586397059 0.7444996553308824
1 0.286376953125 0.689208984375 0.3330508961397059 0.6942354090073529 0.32443416819852944 0.7373190487132353 0.2770421645220588 0.7301384420955882
1 0.3567468979779412 0.6468434053308824 0.445068359375 0.6497156479779411 0.44147805606617646 0.6834644990808824 0.35172047334558826 0.6798741957720588
0 0.3359231387867647 0.8155876608455882 0.408447265625 0.7962000229779411 0.43429744944852944 0.8694422104779411 0.3581830193014706 0.8909840303308822
