2 0.17571756114130438 0.28186565896739135 0.3158330502717392 0.1820864470108696 0.35616932744565216 0.23777173913043478 0.21074643342391308 0.34391983695652173
2 0.308402683423913 0.7574091372282609 0.3911981997282609 0.7160113790760869 0.4347189198369566 0.8168520720108695 0.34449303668478265 0.8561268682065217
2 0.4007515285326087 0.8996475883152174 0.4676248301630435 0.8518809442934783 0.5281292459239131 0.9357379415760869 0.45382557744565216 0.9888119904891304
1 0.4644403872282609 0.6300314198369565 0.5260062839673914 0.5843877377717391 0.6024329144021738 0.6799210258152174 0.53662109375 0.7266261888586957
1 0.5440514605978262 0.5790803328804348 0.6608143682065217 0.48673148777173914 0.7245032269021738 0.5801418138586957 0.6077403192934783 0.6682447350543478
0 0.6629373301630435 0.4803626019021739 0.7234417459239131 0.43684188179347827 0.7966839334239131 0.5302522078804348 0.730872112771739 0.5758958899456522
0 0.7340565557065217 0.430472995923913 0.7934994904891304 0.3848293138586956 0.8699261209239131 0.4803626019021739 0.8019913383152173 0.529190726902174
0 0.804114300271739 0.37739894701086957 0.8699261209239131 0.32857082201086957 0.9463527513586956 0.43790336277173914 0.8826638926630435 0.4835470448369565
1 0.5748344089673914 0.7754543138586957 0.6427691915760869 0.7213187839673912 0.7128269361413044 0.8083602241847826 0.635338824728261 0.8635572350543478
0 0.6714291779891304 0.7425484035326086 0.7266261888586956 0.700089164402174 0.7839461616847825 0.7627165421195652 0.7213187839673914 0.8147291100543478
0 0.7860691236413042 0.6374617866847826 0.8561268682065217 0.7138884171195652 0.7881920855978259 0.7616550611413043 0.7213187839673914 0.6820439877717391
0 0.7913765285326086 0.626846976902174 0.8486965013586956 0.58544921875 0.9092009171195652 0.6650602921195652 0.8550653872282608 0.7117654551630435
0 0.9102623980978259 0.5137567934782609 0.9803201426630435 0.6114130434782609 0.9155698029891304 0.6634256114130435 0.8423276154891304 0.5657693614130435
2 0.0 0.31419836956521735 0.11627462635869568 0.2122961956521739 0.2542671535326087 0.4203464673913043 0.11521314538043481 0.5233101222826086
2 0.2266686480978261 0.3555961277173913 0.3795219089673913 0.2473250679347826 0.4495796535326087 0.3258746603260869 0.2850501019021739 0.4447605298913043
2 0.30415675951086957 0.0870414402173913 0.3922596807065218 0.1953125 0.5206988790760869 0.09659476902173912 0.44533372961956524 0.0
