0 0.3190743582589286 0.46207101004464285 0.4114990234375 0.41934640066964285 0.4341692243303571 0.46207101004464285 0.3391287667410714 0.5056675502232143
0 0.3748779296875 0.5614711216517858 0.4315534319196428 0.5422886439732143 0.4472481863839286 0.5954764229910715 0.3905726841517857 0.6137869698660715
0 0.5667027064732143 0.6879010881696429 0.6041957310267857 0.7367292131696429 0.5518798828125 0.7742222377232143 0.5152587890625 0.7288818359375
0 0.3426164899553572 0.8012520926339286 0.4088832310267857 0.7742222377232143 0.4167306082589286 0.8274100167410714 0.3504638671875 0.8509521484375
0 0.17869349888392858 0.8090994698660714 0.23885672433035718 0.8230503627232143 0.21008300781250003 0.8997802734375 0.15515136718750003 0.8788539341517857
0 0.3382568359375 0.9451206752232143 0.3870849609375 0.9494803292410714 0.3713902064732143 0.9826136997767857 0.3277936662946429 0.9730224609375
0 0.2833251953125 0.7637590680803572 0.3068673270089286 0.8012520926339286 0.3853410993303571 0.7628871372767857 0.3652866908482143 0.7210344587053572
0 0.2728620256696429 0.7070835658482143 0.3216901506696429 0.6791817801339286 0.3356410435267857 0.7166748046875 0.2815813337053572 0.7384730747767857
0 0.19177246093750003 0.5108991350446429 0.18392508370535718 0.5972202845982143 0.2501918247767857 0.6068115234375 0.2589111328125 0.5187465122767858
0 0.0 0.6059395926339287 0.0627267020089286 0.6050676618303572 0.06365094866071425 0.6521519252232144 0.0008719308035714246 0.651279994419643
