2 0.2394064198369566 0.5175144361413043 0.479301120923913 0.51220703125 0.48142408288043476 0.5801418138586957 0.24046790081521746 0.5865106997282609
2 0.24152938179347833 0.5960640285326086 0.47823963994565216 0.58544921875 0.4803626019021739 0.650199558423913 0.2425908627717392 0.6618758491847826
2 0.4782396399456522 0.26806640625 0.5344981317934783 0.26594344429347827 0.5419284986413044 0.5578507133152173 0.48460852581521746 0.5599736752717391
2 0.5843877377717392 0.26382048233695654 0.6226010529891304 0.2627590013586957 0.6215395720108696 0.5344981317934783 0.5833262567934783 0.5302522078804348
2 0.2850501019021739 0.8412661345108695 0.398628566576087 0.8348972486413043 0.398628566576087 0.9463527513586956 0.28611158288043487 0.9484757133152174
2 0.4527640964673913 0.8932787024456521 0.58544921875 0.8869098165760869 0.5896951426630435 0.9622749660326086 0.45382557744565216 0.9580290421195652
2 0.7329950747282608 0.8805409307065217 0.8104831861413042 0.8762950067934783 0.8136676290760869 0.9622749660326086 0.7361795176630435 0.9601520040760869
0 0.7266261888586956 0.4591329823369565 0.804114300271739 0.45701002038043476 0.80517578125 0.5716499660326086 0.7266261888586956 0.5748344089673912
0 0.8900942595108696 0.2818656589673913 0.9781971807065217 0.2818656589673913 0.9771356997282608 0.3954441236413043 0.8890327785326086 0.39119819972826086
0 0.8094217051630435 0.44851817255434784 0.8837253736413042 0.45170261548913043 0.8879712975543477 0.5705884850543478 0.8094217051630435 0.5674040421195652
0 0.7223802649456521 0.29354194972826086 0.7945609714673914 0.29141898777173914 0.7945609714673914 0.3827063519021739 0.7245032269021738 0.38376783288043476
0 0.8030528192934783 0.2850501019021739 0.8794794497282608 0.28292713994565216 0.8816024116847825 0.3869522758152174 0.8062372622282608 0.3869522758152174
0 0.8943401834239131 0.42728855298913043 0.975012737771739 0.4251655910326087 0.9771356997282608 0.5631581182065217 0.8985861073369565 0.5642195991847826
2 0.7191958220108696 0.6799210258152174 0.8062372622282608 0.6777980638586957 0.8126061480978259 0.8306513247282609 0.7255647078804348 0.8264054008152174
0 0.8115446671195652 0.6884128736413043 0.8879712975543477 0.6852284307065217 0.8975246263586956 0.7786387567934783 0.8157905910326086 0.7828846807065217
0 0.7913765285326086 0.062139096467391325 0.8656801970108696 0.06001613451086958 0.8709876019021738 0.17677904211956522 0.7924380095108696 0.17996348505434784
0 0.8816024116847825 0.07381538722826089 0.9569675611413042 0.0695694633152174 0.9601520040760869 0.17890200407608695 0.8879712975543477 0.17996348505434784
