2 0.2075619904891305 0.056831691576086966 0.39969004755434784 0.1735945991847826 0.3317552649456523 0.29035750679347827 0.12901239809782616 0.1842094089673913
2 0.3699685801630435 0.23728345788043478 0.4432107676630435 0.27231233016304346 0.4039359714673913 0.3551078464673913 0.32644786005434784 0.3137100883152174
1 0.2999108355978261 0.37846042798913043 0.349800441576087 0.3795219089673913 0.3434315557065218 0.44108780570652173 0.2946034307065218 0.43259595788043476
0 0.7255647078804348 0.44108780570652173 0.7786387567934783 0.4739937160326087 0.7181343410326086 0.56103515625 0.6703676970108696 0.5334366508152174
1 0.8550653872282608 0.46231742527173914 0.9102623980978259 0.4909774116847826 0.8582498301630435 0.56103515625 0.8072987432065217 0.5302522078804348
0 0.4187967051630435 0.788192085597826 0.46337890625000006 0.8412661345108695 0.5090225883152175 0.7977454144021738 0.4676248301630435 0.7467943274456521
2 0.13007387907608697 0.2606360394021739 0.18527088994565222 0.29035750679347827 0.14811905570652178 0.3551078464673913 0.09292204483695654 0.32644786005434784
0 0.5256990131578948 0.049674215587044566 0.5865859058704453 0.07655933704453445 0.564445217611336 0.134283274291498 0.5019768471659919 0.11056110829959517
1 0.6356117155870445 0.027533527327935257 0.6909634362348178 0.058372343117408944 0.6419376265182186 0.17223873987854255 0.5850044281376519 0.15009805161943324
0 0.762920673076923 0.1445628795546559 0.8451575151821862 0.1856813006072875 0.7834798836032388 0.29084956983805665 0.7028245192307693 0.23391637145748992
0 0.8143186993927125 0.08921115890688264 0.8767870698380567 0.10502593623481785 0.9044629301619433 0.014881705465587083 0.8380408653846154 0.0
0 0.8641352479757085 0.8981370192307693 0.9202777074898785 0.9511165232793523 0.9503257844129553 0.9218591852226721 0.895764802631579 0.8720426366396761
1 0.9348826543522267 0.8997184969635628 0.9775825531376519 0.9424183957489878 1.0 0.9028814524291497 0.9633492535425101 0.8625537702429149
1 0.4244844382591093 0.5739340840080972 0.46718433704453444 0.5952840334008097 0.4347640435222672 0.6435191042510122 0.3881104504048583 0.6237506325910931
