3 0.0030595751231527746 0.5224368842364532 0.10696967364532023 0.5224368842364532 0.10696967364532023 0.6253848522167487 0.0030595751231527746 0.6253848522167487
2 0.22916025246305421 0.15586514778325122 0.3301839593596059 0.15586514778325122 0.3301839593596059 0.2655480295566502 0.22916025246305421 0.2655480295566502
3 0.3725177032019705 0.10294796798029555 0.4793141933497537 0.10294796798029555 0.4793141933497537 0.21647937192118225 0.3725177032019705 0.21647937192118225
3 0.26668334359605916 0.43199661330049255 0.3224869150246306 0.43199661330049255 0.3224869150246306 0.5195504926108374 0.26668334359605916 0.5195504926108374
3 0.3503887007389163 0.4300723522167487 0.42351062192118233 0.4300723522167487 0.42351062192118233 0.5493765394088669 0.3503887007389163 0.5493765394088669
3 0.35423722290640397 0.5589978448275862 0.4446774938423645 0.5589978448275862 0.4446774938423645 0.6869612068965516 0.35423722290640397 0.6869612068965516
3 0.3513508312807882 0.7543103448275861 0.44179110221674883 0.7543103448275861 0.44179110221674883 0.8755387931034482 0.3513508312807882 0.8755387931034482
2 0.4610337130541872 0.7379541256157635 0.5168372844827587 0.7379541256157635 0.5168372844827587 0.804341133004926 0.4610337130541872 0.804341133004926
3 0.5216479371921183 0.7514239532019703 0.5938077278325122 0.7514239532019703 0.5938077278325122 0.852447660098522 0.5216479371921183 0.852447660098522
3 0.6034290332512315 0.7446890394088669 0.6755888238916257 0.7446890394088669 0.6755888238916257 0.8466748768472906 0.6034290332512315 0.8466748768472906
3 0.683285868226601 0.7475754310344827 0.7602563115763548 0.7475754310344827 0.7602563115763548 0.8447506157635467 0.683285868226601 0.8447506157635467
3 0.8968788485221675 0.7600831280788176 0.9680765086206895 0.7600831280788176 0.9680765086206895 0.8428263546798028 0.8968788485221675 0.8428263546798028
2 0.7641048337438423 0.4339208743842364 0.8545451046798029 0.4339208743842364 0.8545451046798029 0.6321197660098521 0.7641048337438423 0.6321197660098521
2 0.900727370689655 0.09044027093596058 0.98828125 0.09044027093596058 0.98828125 0.17606988916256155 0.900727370689655 0.17606988916256155
3 0.8939924568965516 0.3482912561576354 0.951720289408867 0.3482912561576354 0.951720289408867 0.44161791871921174 0.8939924568965516 0.44161791871921174
3 0.463920104679803 0.3607989532019704 0.5293449815270936 0.3607989532019704 0.5293449815270936 0.4926108374384236 0.463920104679803 0.4926108374384236
2 0.30228217364532023 0.04810652709359605 0.35423722290640397 0.04810652709359605 0.35423722290640397 0.13469827586206895 0.30228217364532023 0.13469827586206895
