2 0.17890200407608703 0.08973760190217392 0.3763374660326087 0.2118079144021739 0.29884935461956524 0.31795601222826086 0.09822944972826092 0.21074643342391303
2 0.3455545176630435 0.2648819633152174 0.4124278192934783 0.30734120244565216 0.36572265625000006 0.38376783288043476 0.2882345448369566 0.3519234035326087
0 0.6257854959239131 0.05470872961956524 0.6894743546195652 0.08655315896739132 0.6300314198369565 0.20756199048913043 0.5674040421195652 0.17677904211956522
0 0.7011506453804348 0.4739937160326087 0.7542246942934783 0.5058381453804348 0.6915973165760869 0.592879585597826 0.6374617866847827 0.5642195991847826
0 0.8402046535326086 0.48779296875 0.8837253736413042 0.5249448029891304 0.8157905910326086 0.5960640285326086 0.7648395040760869 0.5620966372282609
0 0.40818189538043476 0.8274668817934783 0.45701002038043476 0.7765157948369565 0.5026537024456521 0.8285283627717391 0.4495796535326087 0.8805409307065217
0 0.10459833559782611 0.30203379755434784 0.15448794157608697 0.32963230298913043 0.11521314538043481 0.38589079483695654 0.07169242527173919 0.35616932744565216
0 0.29566491168478265 0.39225968070652173 0.3423700747282609 0.40181300951086957 0.32326341711956524 0.4739937160326087 0.27125084918478265 0.46125594429347827
0 0.5217603600543479 0.05895465353260872 0.5812032948369565 0.08443019701086958 0.5440514605978262 0.1661642323369565 0.48142408288043476 0.13856572690217392
0 0.7276876698369565 0.1661642323369565 0.8221594769021738 0.22454568614130435 0.7595320991847825 0.32114045516304346 0.6724906589673914 0.26382048233695654
0 0.8126061480978259 0.02392578125000002 0.8741720448369565 0.041970957880434805 0.8561268682065217 0.14068868885869565 0.7860691236413042 0.12476647418478264
0 0.9426800271739131 0.8826638926630435 0.998046875 0.9357379415760869 0.9559060801630435 0.9824431046195652 0.901770550271739 0.934676460597826
0 0.8412661345108694 0.9448029891304346 0.8922172214673911 0.9999999999999998 0.9251231317934783 0.9649711277173911 0.8762950067934783 0.9166312839673912
0 0.4251655910326087 0.6024329144021738 0.4708092730978261 0.6300314198369564 0.43578040081521746 0.6767365828804347 0.3890752377717392 0.6533840013586956
