1 0.23362513950892858 0.49869210379464285 0.2719900948660714 0.46468680245535715 0.3461042131696429 0.5265938895089286 0.3042515345982143 0.5667027064732143
1 0.4036516462053571 0.14991978236607145 0.4707903180803571 0.16823032924107145 0.4550955636160714 0.22664969308035715 0.3853410993303571 0.2031075613839286
1 0.4367850167410714 0.12463378906250004 0.5152587890625 0.15951102120535718 0.5335693359375 0.1202741350446429 0.4603271484375 0.08278111049107148
1 0.3661586216517857 0.2519356863839286 0.4315534319196428 0.2650146484375 0.4202183314732143 0.31209891183035715 0.3548235212053572 0.2981480189732143
1 0.3408726283482143 0.3251778738839286 0.3992919921875 0.3373849051339286 0.3870849609375 0.38534109933035715 0.3251778738839286 0.3687744140625
1 0.1237618582589286 0.3530796595982143 0.16997419084821433 0.3016357421875 0.22577776227678573 0.3530796595982143 0.18130929129464288 0.40103585379464285
0 0.059238978794642905 0.45945521763392855 0.13248116629464288 0.42544991629464285 0.09847586495535718 0.3408726283482143 0.022617885044642905 0.3740059988839286
1 0.17869349888392858 0.15340750558035718 0.2815813337053572 0.18654087611607145 0.3007638113839286 0.12376185825892862 0.19613211495535718 0.09673200334821433
1 0.09847586495535718 0.08452497209821433 0.16910226004464288 0.08801269531250004 0.16212681361607148 0.14032854352678575 0.0897565569196429 0.13248116629464288
1 0.21008300781250003 0.19264439174107145 0.2501918247767857 0.2031075613839286 0.23711286272321433 0.24147251674107145 0.19874790736607148 0.22839355468750003
0 0.01128278459821433 0.6233782087053572 0.06185477120535718 0.6007080078125 0.09411621093750003 0.6800537109375 0.0383126395089286 0.7044677734375
1 0.1054513113839286 0.6538957868303572 0.1263776506696429 0.7044677734375 0.17607770647321433 0.6852852957589286 0.15427943638392863 0.6294817243303572
0 0.16474260602678573 0.5449044363839286 0.22926548549107148 0.5170026506696429 0.2711181640625 0.6033238002232143 0.19700404575892858 0.6373291015625
1 0.4664306640625 0.03220912388392862 0.5082833426339285 0.06970214843750004 0.5405447823660714 0.03046526227678576 0.5013078962053572 0.0
