0 0.27810329861111116 0.1576605902777778 0.36599392361111116 0.0947265625 0.43326822916666674 0.1576605902777778 0.3442925347222222 0.2292751736111111
0 0.5406901041666666 0.08170572916666667 0.624240451388889 0.046983506944444454 0.6752387152777778 0.15006510416666666 0.5862630208333334 0.1804470486111111
0 0.5374348958333334 0.2900390625 0.6188151041666666 0.2705078125 0.6513671875 0.3876953125 0.5689019097222222 0.4083116319444444
0 0.30631510416666674 0.4506293402777778 0.3725043402777778 0.3931206597222222 0.43977864583333337 0.4517144097222222 0.3670789930555556 0.5211588541666667
0 0.829318576388889 0.5569661458333334 0.942165798611111 0.4734157986111111 0.998046875 0.5466392780172415 0.9041883680555555 0.6426866319444445
0 0.5873480902777778 0.4517144097222222 0.6795789930555556 0.4115668402777778 0.741427951388889 0.5276692708333334 0.6329210069444444 0.5667317708333334
0 0.5059678819444444 0.5916883680555556 0.5689019097222222 0.6079644097222223 0.555881076388889 0.6665581597222223 0.4864366319444444 0.6459418402777778
0 0.1967230902777778 0.8434244791666667 0.28244357638888895 0.8564453125 0.27267795138888895 0.9193793402777778 0.18912760416666669 0.9031032986111112
0 0.5254991319444444 0.8043619791666667 0.5396050347222222 0.8759765625 0.6893446180555556 0.8499348958333334 0.6665581597222222 0.7750651041666667
0 0.5906032986111112 0.9324001736111112 0.6090494791666666 0.9931640625 0.7696397569444445 0.9573567708333334 0.7533637152777778 0.8922526041666667
0 0.15440538194444448 0.6481119791666667 0.22059461805555558 0.6361762152777778 0.2466362847222222 0.7403428819444445 0.18587239583333337 0.7577039930555556
0 0.24229600694444442 0.6741536458333334 0.33561197916666674 0.6557074652777778 0.3540581597222222 0.7251519097222223 0.2520616319444444 0.7392578125
0 0.10232204861111116 0.5406901041666667 0.1554904513888889 0.5233289930555556 0.16851128472222227 0.575412326388889 0.11317274305555558 0.5916883680555556
0 0.47233072916666674 0.2455512152777778 0.4267578125 0.2759331597222222 0.45930989583333337 0.3204210069444444 0.4951171875 0.2932942708333333
0 0.2021484375 0.5059678819444445 0.2791883680555556 0.4918619791666667 0.28352864583333337 0.5385199652777778 0.2043185763888889 0.5482855902777778
0 0.09472656250000006 0.9031032986111112 0.1869574652777778 0.9085286458333334 0.18587239583333337 0.9736328125 0.0871310763888889 0.9649522569444445
