1 0.30305989583333326 0.1283637152777778 0.38444010416666663 0.06108940972222224 0.4419487847222222 0.1261935763888889 0.3594835069444444 0.1945529513888889
0 0.5157335069444444 0.1728515625 0.5515407986111112 0.2260199652777778 0.47233072916666674 0.2770182291666667 0.4321831597222222 0.22276475694444445
1 0.5613064236111112 0.2542317708333333 0.6524522569444444 0.23795572916666666 0.6741536458333334 0.3573133680555556 0.5797526041666666 0.3714192708333333
0 0.624240451388889 0.4126519097222222 0.702365451388889 0.3844401041666667 0.7479383680555555 0.5027126736111112 0.663302951388889 0.5374348958333334
0 0.9573567708333334 0.4658203125 0.8694661458333334 0.5287543402777778 0.9356553819444445 0.6133897569444445 0.998046875 0.5623914930555556
1 0.21082899305555558 0.8238932291666667 0.3084852430555556 0.8325737847222222 0.3041449652777778 0.9041883680555556 0.20106336805555558 0.8868272569444445
1 0.5493706597222222 0.7815755208333334 0.6719835069444444 0.7490234375 0.6958550347222222 0.8228081597222222 0.5678168402777778 0.8510199652777778
1 0.13161892361111116 0.887912326388889 0.20323350694444448 0.8965928819444445 0.20106336805555558 0.9454210069444445 0.1240234375 0.9345703125
0 0.6253255208333334 0.8944227430555556 0.766384548611111 0.858615451388889 0.785915798611111 0.9475911458333334 0.6405164930555556 0.9812282986111112
0 0.10991753472222227 0.5059678819444445 0.17176649305555558 0.4907769097222222 0.1869574652777778 0.5396050347222223 0.12185329861111116 0.5537109375
0 0.3247612847222222 0.4245876736111111 0.40071614583333337 0.3562282986111111 0.4462890625 0.4104817708333333 0.37141927083333337 0.4799262152777778
1 0.2043185763888889 0.4864366319444444 0.27810329861111116 0.4679904513888889 0.28786892361111116 0.5103081597222223 0.2140842013888889 0.5276692708333334
1 0.1923828125 0.6817491319444445 0.2455512152777778 0.6654730902777778 0.2607421875 0.7251519097222223 0.2043185763888889 0.7338324652777778
1 0.25748697916666674 0.6513671875 0.3442925347222222 0.6274956597222223 0.35514322916666674 0.7034505208333334 0.26725260416666674 0.721896701388889
0 0.516818576388889 0.5613064236111112 0.5862630208333334 0.585177951388889 0.5678168402777778 0.6383463541666667 0.4994574652777778 0.6123046875
