3 0.7744140625 0.40234375 0.142578125 0.140625
3 0.41015625 0.5673828125 0.138671875 0.1298828125
3 0.15625 0.6181640625 0.1357421875 0.134765625
3 0.4541015625 0.6376953125 0.138671875 0.1357421875
3 0.12890625 0.849609375 0.140625 0.1328125
3 0.7255859375 0.328125 0.138671875 0.1279296875
3 0.24609375 0.369140625 0.1298828125 0.125
3 0.8984375 0.298828125 0.1435546875 0.134765625
3 0.3603515625 0.884765625 0.15625 0.158203125
3 0.205078125 0.6796875 0.1298828125 0.125
3 0.7841796875 0.1708984375 0.1591796875 0.140625
3 0.8251953125 0.4775390625 0.1279296875 0.125
3 0.2900390625 0.447265625 0.123046875 0.1201171875
3 0.896484375 0.52734375 0.158203125 0.1513671875
3 0.837890625 0.2373046875 0.1513671875 0.138671875
3 0.3671875 0.2744140625 0.1513671875 0.146484375
3 0.076171875 0.77734375 0.140625 0.1357421875
3 0.5322265625 0.4716796875 0.140625 0.130859375
3 0.44140625 0.318359375 0.130859375 0.1171875
3 0.31640625 0.177734375 0.107421875 0.107421875
3 0.349609375 0.505859375 0.1279296875 0.126953125
3 0.5185546875 0.69921875 0.154296875 0.146484375
3 0.2568359375 0.23828125 0.1279296875 0.134765625
3 0.646484375 0.5888671875 0.1357421875 0.1279296875
3 0.1943359375 0.9150390625 0.138671875 0.1357421875
3 0.111328125 0.5400390625 0.1328125 0.123046875
3 0.31640625 0.802734375 0.142578125 0.130859375
3 0.5947265625 0.525390625 0.1328125 0.126953125
3 0.076171875 0.111328125 0.1220703125 0.1220703125
3 0.6865234375 0.048828125 0.1357421875 0.095703125
3 0.5654296875 0.7685546875 0.125 0.1201171875
3 0.7724609375 0.9453125 0.1455078125 0.107421875
3 0.060546875 0.4755859375 0.0986328125 0.099609375
3 0.9404296875 0.6015625 0.119140625 0.1298828125
3 0.697265625 0.9052734375 0.1435546875 0.140625
3 0.939453125 0.9228515625 0.1201171875 0.154296875
3 0.1806640625 0.28515625 0.1279296875 0.125
3 0.556640625 0.1376953125 0.119140625 0.1123046875
3 0.7490234375 0.7275390625 0.1376953125 0.1279296875
3 0.482421875 0.9697265625 0.1171875 0.060546875
3 0.7353515625 0.095703125 0.134765625 0.130859375
3 0.9716796875 0.6689453125 0.0546875 0.125
3 0.615234375 0.1982421875 0.138671875 0.126953125
3 0.8076171875 0.7958984375 0.1484375 0.134765625
3 0.6435546875 0.8330078125 0.1669921875 0.150390625
3 0.037109375 0.4111328125 0.0732421875 0.1142578125
3 0.169921875 0.060546875 0.193359375 0.1201171875
3 0.93359375 0.373046875 0.1328125 0.1455078125
3 0.892578125 0.830078125 0.111328125 0.111328125
3 0.421875 0.9326171875 0.125 0.1171875
3 0.662109375 0.263671875 0.134765625 0.126953125
1 0.71484375 0.64453125 0.1171875 0.115234375
3 0.0283203125 0.02734375 0.056640625 0.0546875
3 0.0283203125 0.72265625 0.056640625 0.099609375
3 0.265625 0.736328125 0.125 0.119140625
3 0.47265625 0.4052734375 0.154296875 0.1484375
3 0.330078125 0.984375 0.080078125 0.03125
3 0.1962890625 0.0322265625 0.126953125 0.064453125
3 0.2314453125 0.9736328125 0.103515625 0.052734375
3 0.984375 0.1025390625 0.03125 0.1533203125
3 0.5810546875 0.0205078125 0.0859375 0.0390625
3 0.9873046875 0.419921875 0.025390625 0.107421875
1 0.4716796875 0.404296875 0.15625 0.1484375
3 0.833984375 0.783203125 0.095703125 0.091796875
3 0.365234375 0.416015625 0.0361328125 0.0390625
3 0.822265625 0.890625 0.0595703125 0.056640625
3 0.9580078125 0.3515625 0.083984375 0.09375
3 0.859375 0.978515625 0.1123046875 0.0419921875
1 0.263671875 0.736328125 0.125 0.119140625
3 0.486328125 0.068359375 0.14453125 0.13671875
3 0.451171875 0.076171875 0.064453125 0.068359375
3 0.603515625 0.8076171875 0.0908203125 0.0830078125
1 0.234375 0.9736328125 0.1123046875 0.052734375
3 0.91796875 0.01953125 0.1591796875 0.0390625
3 0.990234375 0.9619140625 0.015625 0.076171875
3 0.5673828125 0.02734375 0.125 0.0546875
3 0.490234375 0.0478515625 0.087890625 0.087890625
3 0.0498046875 0.712890625 0.099609375 0.1376953125
3 0.9638671875 0.068359375 0.072265625 0.13671875
3 0.6982421875 0.65234375 0.15625 0.1455078125
3 0.912109375 0.0068359375 0.1328125 0.013671875
3 0.271484375 0.005859375 0.15234375 0.01171875
3 0.9130859375 0.392578125 0.0888671875 0.091796875
3 0.2841796875 0.0185546875 0.142578125 0.037109375