3 0.5439453125 0.771484375 0.0830078125 0.095703125
3 0.669921875 0.2822265625 0.126953125 0.1279296875
3 0.337890625 0.810546875 0.123046875 0.134765625
3 0.521484375 0.666015625 0.111328125 0.09375
3 0.251953125 0.3173828125 0.056640625 0.078125
1 0.796875 0.1279296875 0.083984375 0.087890625
3 0.7578125 0.458984375 0.1484375 0.154296875
1 0.3037109375 0.525390625 0.107421875 0.1298828125
3 0.15234375 0.0908203125 0.1201171875 0.1142578125
1 0.615234375 0.0224609375 0.1044921875 0.044921875
3 0.455078125 0.486328125 0.091796875 0.1064453125
3 0.9658203125 0.6494140625 0.0673828125 0.1220703125
3 0.5478515625 0.46484375 0.0703125 0.0625
2 0.1201171875 0.927734375 0.158203125 0.1435546875
3 0.9501953125 0.287109375 0.099609375 0.111328125
3 0.8310546875 0.6123046875 0.1201171875 0.125
1 0.552734375 0.0625 0.080078125 0.0908203125
3 0.197265625 0.1728515625 0.1142578125 0.0908203125
1 0.091796875 0.416015625 0.1376953125 0.125
3 0.4345703125 0.3505859375 0.0830078125 0.076171875
3 0.9033203125 0.3310546875 0.095703125 0.1015625
1 0.83203125 0.6142578125 0.1201171875 0.123046875
1 0.0732421875 0.4306640625 0.0908203125 0.091796875
1 0.2412109375 0.25390625 0.068359375 0.052734375
3 0.0224609375 0.5751953125 0.044921875 0.087890625
3 0.05078125 0.724609375 0.056640625 0.0908203125
1 0.0576171875 0.5537109375 0.0751953125 0.0830078125
3 0.2705078125 0.681640625 0.052734375 0.083984375
3 0.498046875 0.583984375 0.123046875 0.123046875
1 0.9501953125 0.287109375 0.099609375 0.1142578125
1 0.3779296875 0.294921875 0.111328125 0.103515625
1 0.9775390625 0.017578125 0.044921875 0.03515625
3 0.564453125 0.3662109375 0.150390625 0.1513671875
3 0.478515625 0.4619140625 0.162109375 0.1669921875
3 0.5546875 0.330078125 0.0703125 0.0703125
1 0.1171875 0.482421875 0.076171875 0.0751953125
3 0.419921875 0.9169921875 0.0654296875 0.09375
1 0.138671875 0.0185546875 0.138671875 0.037109375
1 0.318359375 0.0966796875 0.078125 0.0654296875
3 0.2060546875 0.693359375 0.193359375 0.1484375
1 0.1962890625 0.173828125 0.115234375 0.0908203125
3 0.302734375 0.5263671875 0.103515625 0.1328125
3 0.4833984375 0.4111328125 0.0576171875 0.0546875
1 0.1396484375 0.0107421875 0.119140625 0.021484375
3 0.9814453125 0.4228515625 0.037109375 0.134765625