2 0.875 0.515625 0.134765625 0.146484375
2 0.587890625 0.275390625 0.1533203125 0.1376953125
2 0.81640625 0.7685546875 0.1669921875 0.1689453125
2 0.8837890625 0.080078125 0.232421875 0.16015625
2 0.6845703125 0.6904296875 0.251953125 0.234375
2 0.5615234375 0.884765625 0.15625 0.1279296875
2 0.7421875 0.1630859375 0.1220703125 0.1123046875
2 0.275390625 0.349609375 0.271484375 0.255859375
2 0.943359375 0.625 0.1123046875 0.1767578125
2 0.7109375 0.021484375 0.140625 0.04296875
2 0.6201171875 0.9482421875 0.158203125 0.103515625
2 0.357421875 0.0849609375 0.1201171875 0.154296875
2 0.197265625 0.134765625 0.2734375 0.267578125
2 0.466796875 0.6337890625 0.142578125 0.169921875
2 0.2744140625 0.8544921875 0.392578125 0.2763671875
2 0.8525390625 0.9619140625 0.181640625 0.076171875
2 0.9716796875 0.3642578125 0.0546875 0.1533203125
2 0.0419921875 0.294921875 0.083984375 0.1064453125
2 0.01953125 0.2158203125 0.0390625 0.162109375
2 0.38671875 0.9150390625 0.1484375 0.150390625
0 0.505859375 0.166015625 0.2265625 0.2294921875
0 0.470703125 0.181640625 0.40625 0.3486328125
2 0.9677734375 0.4296875 0.064453125 0.345703125
2 0.537109375 0.2021484375 0.28125 0.291015625
2 0.0400390625 0.9658203125 0.080078125 0.068359375