3 0.5888671875 0.0947265625 0.1201171875 0.1298828125
1 0.94140625 0.134765625 0.0703125 0.1015625
1 0.1982421875 0.26171875 0.1904296875 0.171875
3 0.7333984375 0.154296875 0.0751953125 0.09375
3 0.560546875 0.3701171875 0.0859375 0.1015625
3 0.337890625 0.3681640625 0.0986328125 0.109375
3 0.435546875 0.2763671875 0.0859375 0.103515625
3 0.37109375 0.1005859375 0.0888671875 0.107421875
3 0.220703125 0.564453125 0.087890625 0.1171875
1 0.494140625 0.19140625 0.103515625 0.107421875
3 0.8349609375 0.2919921875 0.09375 0.130859375
1 0.37109375 0.1015625 0.0888671875 0.1064453125
1 0.076171875 0.4462890625 0.099609375 0.107421875
3 0.8369140625 0.015625 0.1044921875 0.03125
1 0.033203125 0.5458984375 0.06640625 0.126953125
3 0.3994140625 0.0126953125 0.109375 0.0234375
3 0.076171875 0.447265625 0.1015625 0.103515625
3 0.201171875 0.259765625 0.1904296875 0.1640625
3 0.1533203125 0.283203125 0.083984375 0.095703125
1 0.537109375 0.623046875 0.044921875 0.048828125
1 0.02734375 0.4072265625 0.0546875 0.0625