3 0.9287109375 0.919921875 0.142578125 0.1455078125
3 0.9462890625 0.783203125 0.107421875 0.1279296875
3 0.646484375 0.853515625 0.0625 0.064453125
3 0.392578125 0.490234375 0.0595703125 0.083984375
3 0.8193359375 0.8671875 0.1328125 0.1142578125
3 0.736328125 0.974609375 0.123046875 0.0498046875
3 0.150390625 0.056640625 0.1123046875 0.111328125
3 0.896484375 0.189453125 0.119140625 0.109375
3 0.115234375 0.736328125 0.046875 0.0673828125
1 0.1591796875 0.4931640625 0.103515625 0.078125
3 0.490234375 0.9677734375 0.138671875 0.064453125
1 0.20703125 0.82421875 0.1484375 0.205078125
1 0.6748046875 0.1484375 0.076171875 0.0751953125
1 0.783203125 0.9375 0.1044921875 0.099609375
3 0.380859375 0.890625 0.1611328125 0.1611328125
1 0.4462890625 0.408203125 0.0888671875 0.091796875
1 0.4599609375 0.8466796875 0.091796875 0.0751953125
1 0.107421875 0.59375 0.087890625 0.126953125
1 0.80859375 0.896484375 0.162109375 0.181640625
1 0.1123046875 0.775390625 0.0859375 0.1533203125
1 0.150390625 0.0576171875 0.109375 0.1123046875
3 0.111328125 0.576171875 0.0751953125 0.083984375
3 0.009765625 0.935546875 0.01953125 0.0859375
3 0.09375 0.638671875 0.0703125 0.046875