3 0.7294921875 0.5908203125 0.1220703125 0.1015625
3 0.1708984375 0.3544921875 0.1015625 0.166015625
1 0.236328125 0.2294921875 0.0966796875 0.0732421875
3 0.6220703125 0.7470703125 0.072265625 0.0859375
1 0.021484375 0.5537109375 0.0419921875 0.140625
3 0.2744140625 0.708984375 0.083984375 0.1484375
3 0.8818359375 0.3037109375 0.1220703125 0.130859375
3 0.427734375 0.310546875 0.095703125 0.109375
3 0.357421875 0.0869140625 0.064453125 0.0830078125
3 0.4228515625 0.095703125 0.091796875 0.125
3 0.283203125 0.541015625 0.1064453125 0.119140625
3 0.0732421875 0.55078125 0.072265625 0.1123046875
3 0.962890625 0.7197265625 0.0732421875 0.1015625
1 0.7646484375 0.6494140625 0.078125 0.072265625
1 0.4228515625 0.638671875 0.0986328125 0.0751953125
3 0.689453125 0.7578125 0.0859375 0.146484375
3 0.322265625 0.9462890625 0.095703125 0.091796875
3 0.365234375 0.740234375 0.1328125 0.1328125
3 0.87890625 0.10546875 0.107421875 0.1328125
1 0.126953125 0.02734375 0.056640625 0.0546875
3 0.8701171875 0.455078125 0.1220703125 0.1220703125
3 0.5751953125 0.154296875 0.1220703125 0.109375
3 0.4892578125 0.0869140625 0.1044921875 0.1298828125
1 0.40234375 0.212890625 0.107421875 0.0986328125
3 0.974609375 0.7958984375 0.0498046875 0.1142578125
3 0.9501953125 0.2685546875 0.099609375 0.1142578125
3 0.8291015625 0.791015625 0.0595703125 0.09375
3 0.146484375 0.5625 0.091796875 0.154296875
3 0.814453125 0.1474609375 0.0888671875 0.1015625
3 0.5498046875 0.7470703125 0.078125 0.1328125
3 0.322265625 0.3564453125 0.095703125 0.109375
3 0.482421875 0.9541015625 0.1015625 0.0810546875
1 0.904296875 0.529296875 0.119140625 0.103515625
1 0.099609375 0.9296875 0.1611328125 0.138671875
3 0.4990234375 0.4638671875 0.103515625 0.1220703125
3 0.6796875 0.3837890625 0.099609375 0.1171875
3 0.615234375 0.5712890625 0.095703125 0.087890625
3 0.255859375 0.380859375 0.091796875 0.099609375
3 0.9736328125 0.0703125 0.052734375 0.140625
3 0.2236328125 0.1513671875 0.080078125 0.0986328125
3 0.580078125 0.255859375 0.0732421875 0.0888671875
3 0.8095703125 0.3291015625 0.0986328125 0.1142578125
1 0.166015625 0.7060546875 0.1435546875 0.150390625
3 0.697265625 0.0244140625 0.126953125 0.048828125
3 0.681640625 0.5087890625 0.1328125 0.1435546875
3 0.482421875 0.748046875 0.0830078125 0.1279296875
1 0.5458984375 0.044921875 0.0810546875 0.087890625
3 0.857421875 0.9736328125 0.095703125 0.052734375
3 0.9501953125 0.103515625 0.0751953125 0.0830078125
3 0.728515625 0.11328125 0.1279296875 0.1689453125
1 0.697265625 0.9638671875 0.111328125 0.072265625
3 0.7353515625 0.1484375 0.091796875 0.0966796875
3 0.0078125 0.1865234375 0.015625 0.111328125
1 0.158203125 0.244140625 0.068359375 0.0595703125
3 0.6962890625 0.96484375 0.1064453125 0.0703125
3 0.98828125 0.2431640625 0.0234375 0.125
1 0.29296875 0.294921875 0.0654296875 0.060546875
3 0.560546875 0.4296875 0.1123046875 0.1376953125
3 0.29296875 0.142578125 0.0751953125 0.1142578125
3 0.9453125 0.66015625 0.109375 0.099609375
1 0.759765625 0.763671875 0.076171875 0.1357421875
3 0.36328125 0.5048828125 0.1123046875 0.1201171875
3 0.6123046875 0.4052734375 0.09375 0.1220703125
1 0.0517578125 0.021484375 0.0751953125 0.0419921875
3 0.6298828125 0.2353515625 0.091796875 0.111328125
1 0.681640625 0.5068359375 0.134765625 0.1484375
3 0.0712890625 0.349609375 0.142578125 0.146484375
3 0.90625 0.3857421875 0.0888671875 0.048828125
3 0.759765625 0.7626953125 0.076171875 0.1376953125
3 0.4794921875 0.2998046875 0.0673828125 0.087890625
3 0.9326171875 0.015625 0.1220703125 0.029296875
1 0.48046875 0.744140625 0.083984375 0.1328125
3 0.017578125 0.69921875 0.0341796875 0.0966796875
3 0.421875 0.90625 0.033203125 0.0390625
1 0.7001953125 0.0244140625 0.126953125 0.048828125
3 0.0390625 0.345703125 0.078125 0.130859375
1 0.0615234375 0.6943359375 0.078125 0.1328125
3 0.494140625 0.1806640625 0.0751953125 0.072265625
3 0.1025390625 0.3701171875 0.076171875 0.103515625
3 0.279296875 0.01171875 0.1044921875 0.0234375
1 0.041015625 0.345703125 0.078125 0.1376953125
3 0.37890625 0.53125 0.15625 0.181640625
3 0.564453125 0.095703125 0.0673828125 0.064453125
1 0.37890625 0.5322265625 0.1611328125 0.177734375
3 0.166015625 0.7060546875 0.140625 0.150390625
3 0.4033203125 0.212890625 0.1064453125 0.0986328125
1 0.728515625 0.4814453125 0.0751953125 0.107421875
3 0.05078125 0.0205078125 0.078125 0.041015625
1 0.373046875 0.58203125 0.0576171875 0.0625