2 0.255859375 0.556640625 0.1298828125 0.1669921875
1 0.23046875 0.763671875 0.115234375 0.111328125
3 0.9375 0.111328125 0.125 0.1435546875
1 0.685546875 0.958984375 0.2080078125 0.0810546875
3 0.505859375 0.740234375 0.1357421875 0.166015625
3 0.556640625 0.4267578125 0.064453125 0.0625
1 0.482421875 0.9560546875 0.1533203125 0.087890625
3 0.498046875 0.375 0.2158203125 0.185546875
3 0.935546875 0.80859375 0.0966796875 0.1015625
3 0.2353515625 0.93359375 0.1513671875 0.1328125
3 0.9462890625 0.4296875 0.107421875 0.197265625
3 0.404296875 0.78125 0.0908203125 0.103515625
1 0.6826171875 0.7138671875 0.2314453125 0.1298828125
3 0.947265625 0.275390625 0.1044921875 0.119140625
1 0.943359375 0.626953125 0.1123046875 0.1767578125
3 0.693359375 0.0927734375 0.1455078125 0.142578125
3 0.607421875 0.2451171875 0.2373046875 0.21875
3 0.767578125 0.44921875 0.0654296875 0.064453125
3 0.6572265625 0.28515625 0.140625 0.130859375
3 0.927734375 0.2080078125 0.0498046875 0.0498046875
1 0.740234375 0.845703125 0.0908203125 0.1015625
3 0.36328125 0.9423828125 0.126953125 0.1142578125
1 0.9296875 0.015625 0.0986328125 0.03125
3 0.4140625 0.013671875 0.12890625 0.02734375
3 0.9267578125 0.916015625 0.0654296875 0.078125
3 0.705078125 0.529296875 0.2001953125 0.2158203125
1 0.68359375 0.845703125 0.205078125 0.111328125
3 0.6845703125 0.712890625 0.2294921875 0.1298828125
2 0.048828125 0.318359375 0.095703125 0.15625
0 0.0693359375 0.2021484375 0.1357421875 0.404296875
3 0.7431640625 0.716796875 0.1015625 0.119140625
1 0.927734375 0.0517578125 0.0966796875 0.0625
1 0.74609375 0.716796875 0.1015625 0.119140625
3 0.671875 0.5703125 0.126953125 0.1298828125
1 0.7314453125 0.1689453125 0.0908203125 0.068359375
3 0.673828125 0.9609375 0.21875 0.076171875
1 0.36328125 0.9423828125 0.126953125 0.1142578125
3 0.7392578125 0.8466796875 0.087890625 0.1015625
3 0.9833984375 0.7333984375 0.03125 0.0419921875
3 0.560546875 0.220703125 0.126953125 0.1171875
3 0.619140625 0.712890625 0.095703125 0.083984375
3 0.462890625 0.396484375 0.140625 0.1328125
1 0.294921875 0.931640625 0.2763671875 0.1357421875
3 0.642578125 0.84765625 0.1171875 0.1142578125
1 0.9482421875 0.4287109375 0.1015625 0.1953125
1 0.97265625 0.689453125 0.052734375 0.0546875