3 0.1005859375 0.5791015625 0.0966796875 0.1220703125
3 0.232421875 0.396484375 0.0888671875 0.1064453125
3 0.0390625 0.5595703125 0.078125 0.125
3 0.392578125 0.4287109375 0.1015625 0.1357421875
3 0.0673828125 0.7265625 0.1015625 0.1279296875
3 0.0771484375 0.353515625 0.0986328125 0.1044921875
3 0.46875 0.830078125 0.125 0.150390625
3 0.314453125 0.4140625 0.0966796875 0.1064453125
3 0.46875 0.4482421875 0.0908203125 0.115234375
3 0.552734375 0.4814453125 0.125 0.1689453125
3 0.193359375 0.2314453125 0.109375 0.1376953125
3 0.1572265625 0.359375 0.0986328125 0.115234375
3 0.0419921875 0.173828125 0.083984375 0.1015625
3 0.1787109375 0.6240234375 0.1123046875 0.1455078125
3 0.271484375 0.2353515625 0.09375 0.099609375
3 0.8515625 0.142578125 0.1220703125 0.0986328125
3 0.384765625 0.2705078125 0.1875 0.185546875
3 0.3798828125 0.810546875 0.1044921875 0.126953125
3 0.3369140625 0.65234375 0.107421875 0.142578125
3 0.0224609375 0.3310546875 0.044921875 0.09375
3 0.708984375 0.693359375 0.1220703125 0.1015625
3 0.3056640625 0.783203125 0.107421875 0.142578125
3 0.1162109375 0.203125 0.1044921875 0.1279296875
3 0.2275390625 0.759765625 0.103515625 0.1328125
3 0.5888671875 0.3212890625 0.0966796875 0.125
3 0.5068359375 0.310546875 0.109375 0.1435546875
3 0.49609375 0.6923828125 0.123046875 0.162109375
3 0.6494140625 0.103515625 0.109375 0.146484375
3 0.8203125 0.3037109375 0.1357421875 0.1015625
3 0.6904296875 0.7763671875 0.1826171875 0.2841796875
3 0.8359375 0.224609375 0.09375 0.068359375
3 0.0400390625 0.927734375 0.080078125 0.1435546875
1 0.41796875 0.6748046875 0.1201171875 0.15625
3 0.482421875 0.06640625 0.0986328125 0.1328125
3 0.859375 0.068359375 0.107421875 0.0966796875
2 0.6484375 0.103515625 0.109375 0.146484375
3 0.7763671875 0.498046875 0.1845703125 0.193359375
3 0.328125 0.0439453125 0.099609375 0.0859375
2 0.4833984375 0.06640625 0.0986328125 0.1328125
3 0.0244140625 0.6943359375 0.048828125 0.138671875
1 0.0224609375 0.697265625 0.044921875 0.1435546875
1 0.8349609375 0.2255859375 0.095703125 0.068359375
3 0.404296875 0.056640625 0.09375 0.1123046875
3 0.2451171875 0.03125 0.1044921875 0.0625
3 0.2607421875 0.623046875 0.0986328125 0.126953125
1 0.87890625 0.01953125 0.1171875 0.0390625
2 0.4013671875 0.0576171875 0.091796875 0.109375
3 0.1474609375 0.7421875 0.1064453125 0.1376953125
3 0.98828125 0.255859375 0.0234375 0.109375
3 0.1611328125 0.025390625 0.091796875 0.05078125
3 0.556640625 0.091796875 0.09375 0.1064453125
3 0.876953125 0.01953125 0.1357421875 0.0390625
1 0.3828125 0.2685546875 0.189453125 0.1845703125