3 0.7900390625 0.9287109375 0.130859375 0.0888671875
1 0.806640625 0.5419921875 0.15625 0.1767578125
3 0.1708984375 0.318359375 0.1044921875 0.091796875
3 0.4267578125 0.923828125 0.0546875 0.068359375
3 0.6083984375 0.44140625 0.119140625 0.1064453125
3 0.4296875 0.728515625 0.1142578125 0.095703125
3 0.80859375 0.787109375 0.0888671875 0.056640625
3 0.3466796875 0.3212890625 0.1064453125 0.107421875
3 0.072265625 0.431640625 0.0908203125 0.095703125
3 0.7919921875 0.5126953125 0.0986328125 0.107421875
3 0.595703125 0.3017578125 0.1298828125 0.126953125
3 0.12109375 0.2578125 0.1591796875 0.1513671875
3 0.404296875 0.607421875 0.1220703125 0.1201171875
3 0.984375 0.4130859375 0.03125 0.09375
3 0.224609375 0.619140625 0.099609375 0.1015625
3 0.580078125 0.5498046875 0.109375 0.107421875
2 0.0263671875 0.064453125 0.052734375 0.12890625
1 0.517578125 0.6123046875 0.1328125 0.1455078125
3 0.248046875 0.2607421875 0.1044921875 0.1064453125
3 0.263671875 0.576171875 0.0986328125 0.0986328125
3 0.3251953125 0.6513671875 0.083984375 0.0830078125
3 0.3154296875 0.529296875 0.103515625 0.107421875
1 0.560546875 0.6943359375 0.1484375 0.134765625
3 0.919921875 0.802734375 0.0830078125 0.080078125
1 0.427734375 0.025390625 0.072265625 0.0498046875
3 0.4248046875 0.826171875 0.115234375 0.1220703125
3 0.4794921875 0.0556640625 0.080078125 0.0859375
3 0.5361328125 0.8720703125 0.103515625 0.095703125
3 0.7783203125 0.7158203125 0.1220703125 0.1044921875
3 0.330078125 0.21484375 0.0830078125 0.0751953125
3 0.716796875 0.3193359375 0.103515625 0.078125
3 0.2939453125 0.6845703125 0.15625 0.1513671875
1 0.6005859375 0.087890625 0.0859375 0.0859375
3 0.087890625 0.9521484375 0.171875 0.095703125
1 0.1337890625 0.7265625 0.091796875 0.0908203125
1 0.478515625 0.1337890625 0.109375 0.1064453125
3 0.5185546875 0.61328125 0.1298828125 0.1484375
3 0.0703125 0.7724609375 0.130859375 0.1220703125
1 0.3818359375 0.498046875 0.1455078125 0.1533203125
3 0.810546875 0.107421875 0.091796875 0.091796875
3 0.263671875 0.3642578125 0.099609375 0.111328125
1 0.724609375 0.150390625 0.115234375 0.140625
3 0.638671875 0.2451171875 0.1220703125 0.1279296875
3 0.1689453125 0.6845703125 0.099609375 0.09375
3 0.033203125 0.8447265625 0.0654296875 0.1357421875
1 0.4169921875 0.67578125 0.091796875 0.068359375
1 0.7587890625 0.396484375 0.083984375 0.068359375
3 0.3828125 0.4970703125 0.142578125 0.146484375
3 0.2060546875 0.787109375 0.087890625 0.0966796875
1 0.8349609375 0.1953125 0.0966796875 0.109375
3 0.193359375 0.6513671875 0.087890625 0.0810546875
3 0.7578125 0.396484375 0.083984375 0.0654296875
3 0.5546875 0.125 0.0908203125 0.0908203125
3 0.203125 0.4052734375 0.1376953125 0.150390625
3 0.4951171875 0.3349609375 0.080078125 0.078125
1 0.3408203125 0.7822265625 0.0732421875 0.0810546875
3 0.5009765625 0.49609375 0.078125 0.072265625
3 0.404296875 0.16796875 0.0595703125 0.052734375
1 0.697265625 0.220703125 0.0986328125 0.1044921875
3 0.462890625 0.4267578125 0.109375 0.1044921875
3 0.876953125 0.033203125 0.0810546875 0.0654296875
1 0.7275390625 0.322265625 0.1298828125 0.0986328125
3 0.923828125 0.783203125 0.1064453125 0.140625
3 0.013671875 0.67578125 0.0263671875 0.0986328125
3 0.97265625 0.060546875 0.0546875 0.044921875
1 0.42578125 0.8271484375 0.107421875 0.125
1 0.830078125 0.576171875 0.0966796875 0.1044921875
3 0.0341796875 0.7197265625 0.068359375 0.107421875
1 0.283203125 0.0283203125 0.0908203125 0.0546875