3 0.1455078125 0.2783203125 0.1279296875 0.123046875
3 0.55078125 0.900390625 0.177734375 0.1513671875
3 0.6416015625 0.392578125 0.171875 0.166015625
2 0.89453125 0.888671875 0.123046875 0.130859375
3 0.041015625 0.7802734375 0.08203125 0.123046875
3 0.0859375 0.18359375 0.1640625 0.138671875
3 0.498046875 0.7919921875 0.169921875 0.146484375
3 0.443359375 0.3037109375 0.146484375 0.146484375
3 0.169921875 0.8310546875 0.140625 0.162109375
1 0.037109375 0.474609375 0.07421875 0.12890625
1 0.40625 0.626953125 0.1298828125 0.1171875
3 0.865234375 0.296875 0.1640625 0.162109375
1 0.1357421875 0.6162109375 0.115234375 0.1123046875
3 0.7919921875 0.177734375 0.1142578125 0.1123046875
3 0.509765625 0.3916015625 0.1220703125 0.125
3 0.5537109375 0.048828125 0.103515625 0.09765625
3 0.650390625 0.55078125 0.166015625 0.154296875
3 0.3330078125 0.20703125 0.130859375 0.125
2 0.9697265625 0.73046875 0.060546875 0.12890625
3 0.2734375 0.060546875 0.134765625 0.1201171875
3 0.744140625 0.662109375 0.126953125 0.1328125
3 0.1904296875 0.025390625 0.130859375 0.05078125
3 0.7021484375 0.08203125 0.177734375 0.1640625
1 0.888671875 0.59765625 0.099609375 0.1015625
1 0.3544921875 0.0205078125 0.080078125 0.0390625
3 0.9296875 0.443359375 0.068359375 0.0751953125
3 0.23828125 0.4140625 0.134765625 0.1201171875
3 0.3564453125 0.986328125 0.0986328125 0.025390625
1 0.5107421875 0.130859375 0.0595703125 0.052734375
3 0.859375 0.087890625 0.0830078125 0.076171875
3 0.953125 0.37890625 0.09375 0.1123046875
1 0.302734375 0.4892578125 0.162109375 0.1533203125
3 0.9619140625 0.017578125 0.076171875 0.033203125
3 0.04296875 0.103515625 0.083984375 0.1201171875
3 0.302734375 0.4892578125 0.1611328125 0.1533203125
1 0.646484375 0.5517578125 0.1689453125 0.15625
3 0.021484375 0.623046875 0.0419921875 0.142578125
1 0.7158203125 0.974609375 0.0908203125 0.0498046875
0 0.8466796875 0.669921875 0.306640625 0.3154296875
3 0.7880859375 0.3671875 0.0498046875 0.056640625
3 0.7763671875 0.40234375 0.1064453125 0.130859375
3 0.9365234375 0.40234375 0.126953125 0.1669921875
3 0.087890625 0.9931640625 0.0810546875 0.0126953125
1 0.04296875 0.1005859375 0.0859375 0.123046875
3 0.7646484375 0.423828125 0.0595703125 0.0654296875