3 0.1455078125 0.462890625 0.1669921875 0.1533203125
3 0.1279296875 0.3544921875 0.150390625 0.125
3 0.154296875 0.5615234375 0.1689453125 0.154296875
3 0.099609375 0.126953125 0.109375 0.1142578125
3 0.748046875 0.728515625 0.1220703125 0.115234375
3 0.361328125 0.251953125 0.134765625 0.146484375
3 0.5166015625 0.90625 0.107421875 0.1201171875
3 0.21484375 0.939453125 0.1611328125 0.1201171875
3 0.0791015625 0.048828125 0.126953125 0.0966796875
3 0.431640625 0.1953125 0.125 0.1298828125
3 0.4970703125 0.732421875 0.1689453125 0.1767578125
2 0.9267578125 0.369140625 0.146484375 0.220703125
3 0.4951171875 0.142578125 0.123046875 0.134765625
3 0.9580078125 0.837890625 0.083984375 0.111328125
3 0.587890625 0.861328125 0.0986328125 0.1015625
3 0.884765625 0.6328125 0.115234375 0.1123046875
2 0.3037109375 0.48828125 0.1513671875 0.1591796875
3 0.458984375 0.9619140625 0.1044921875 0.0751953125
2 0.755859375 0.5341796875 0.2294921875 0.21875
3 0.7998046875 0.947265625 0.103515625 0.1015625
3 0.5791015625 0.1025390625 0.1484375 0.169921875
2 0.232421875 0.6171875 0.173828125 0.158203125
3 0.4248046875 0.798828125 0.142578125 0.1533203125
3 0.6748046875 0.7880859375 0.1298828125 0.1298828125
3 0.7236328125 0.978515625 0.115234375 0.041015625
3 0.5693359375 0.6591796875 0.150390625 0.15625
3 0.810546875 0.673828125 0.1220703125 0.1220703125
3 0.896484375 0.904296875 0.146484375 0.158203125
2 0.033203125 0.787109375 0.0654296875 0.185546875
3 0.9384765625 0.56640625 0.123046875 0.1328125
3 0.2431640625 0.048828125 0.142578125 0.09765625
3 0.7041015625 0.6845703125 0.0498046875 0.0498046875
3 0.3505859375 0.8486328125 0.125 0.1376953125
3 0.9833984375 0.7841796875 0.03125 0.1142578125
2 0.9384765625 0.5673828125 0.123046875 0.134765625
3 0.1513671875 0.982421875 0.111328125 0.0341796875
3 0.287109375 0.3076171875 0.1435546875 0.1455078125
3 0.9501953125 0.9697265625 0.099609375 0.060546875
3 0.4365234375 0.919921875 0.052734375 0.0546875
2 0.43359375 0.341796875 0.1171875 0.1142578125
3 0.640625 0.0556640625 0.119140625 0.109375
3 0.2861328125 0.9091796875 0.130859375 0.146484375
1 0.6396484375 0.5947265625 0.0830078125 0.091796875
2 0.330078125 0.0244140625 0.123046875 0.048828125
2 0.48828125 0.3427734375 0.2294921875 0.216796875
2 0.578125 0.1025390625 0.1435546875 0.1669921875
1 0.640625 0.056640625 0.115234375 0.1123046875
2 0.9072265625 0.080078125 0.185546875 0.16015625
3 0.5986328125 0.283203125 0.1171875 0.115234375
2 0.9423828125 0.052734375 0.115234375 0.10546875
2 0.59765625 0.28125 0.115234375 0.1171875
1 0.349609375 0.849609375 0.130859375 0.1376953125
3 0.72265625 0.041015625 0.154296875 0.0810546875
3 0.802734375 0.1240234375 0.1357421875 0.1455078125
3 0.3779296875 0.4267578125 0.146484375 0.138671875
3 0.830078125 0.4248046875 0.0888671875 0.083984375
3 0.9677734375 0.494140625 0.064453125 0.150390625
3 0.328125 0.0244140625 0.1279296875 0.048828125
3 0.9755859375 0.970703125 0.048828125 0.0576171875
3 0.6572265625 0.20703125 0.1357421875 0.1298828125
1 0.2841796875 0.908203125 0.130859375 0.146484375
2 0.791015625 0.1611328125 0.4111328125 0.322265625
3 0.638671875 0.595703125 0.0859375 0.1015625
3 0.0185546875 0.26953125 0.037109375 0.1455078125
3 0.736328125 0.1728515625 0.138671875 0.154296875