3 0.310546875 0.84375 0.134765625 0.0908203125
3 0.560546875 0.859375 0.1513671875 0.1201171875
3 0.900390625 0.4755859375 0.103515625 0.169921875
3 0.5498046875 0.7607421875 0.0908203125 0.0908203125
3 0.7001953125 0.7001953125 0.109375 0.1591796875
3 0.046875 0.390625 0.0810546875 0.125
3 0.2392578125 0.4033203125 0.099609375 0.1279296875
3 0.0888671875 0.7958984375 0.095703125 0.1220703125
3 0.04296875 0.2158203125 0.083984375 0.162109375
3 0.1875 0.8046875 0.115234375 0.138671875
3 0.123046875 0.228515625 0.119140625 0.1455078125
3 0.255859375 0.244140625 0.1435546875 0.1376953125
3 0.8701171875 0.7216796875 0.095703125 0.1484375
2 0.83203125 0.181640625 0.3203125 0.1953125
3 0.56640625 0.658203125 0.103515625 0.0986328125
3 0.9326171875 0.912109375 0.0888671875 0.0966796875
1 0.4365234375 0.06640625 0.1328125 0.1328125
3 0.951171875 0.716796875 0.064453125 0.09375
3 0.6162109375 0.435546875 0.1279296875 0.1513671875
3 0.0234375 0.806640625 0.046875 0.1123046875
3 0.330078125 0.0625 0.1279296875 0.125
3 0.216796875 0.634765625 0.0908203125 0.1201171875
1 0.333984375 0.7431640625 0.1513671875 0.126953125
3 0.3955078125 0.423828125 0.099609375 0.123046875
1 0.849609375 0.8798828125 0.103515625 0.1298828125
3 0.3271484375 0.4423828125 0.0517578125 0.0751953125
3 0.8115234375 0.458984375 0.0908203125 0.140625
3 0.341796875 0.638671875 0.1435546875 0.1220703125
3 0.685546875 0.8759765625 0.0859375 0.099609375
3 0.1025390625 0.6455078125 0.1064453125 0.1435546875
3 0.7333984375 0.451171875 0.109375 0.1640625
3 0.384765625 0.2822265625 0.171875 0.1767578125
1 0.7666015625 0.857421875 0.091796875 0.138671875
3 0.787109375 0.7138671875 0.0966796875 0.140625
1 0.1416015625 0.416015625 0.087890625 0.091796875
2 0.876953125 0.064453125 0.21875 0.125
2 0.7099609375 0.03125 0.15625 0.060546875
3 0.9462890625 0.7421875 0.099609375 0.146484375
3 0.966796875 0.4873046875 0.064453125 0.1357421875
3 0.216796875 0.0302734375 0.091796875 0.060546875
1 0.119140625 0.0244140625 0.0986328125 0.048828125
3 0.9853515625 0.916015625 0.029296875 0.103515625
3 0.0283203125 0.6376953125 0.056640625 0.1298828125
1 0.029296875 0.6455078125 0.0576171875 0.146484375
1 0.7861328125 0.712890625 0.0966796875 0.140625
0 0.806640625 0.0634765625 0.3544921875 0.126953125
3 0.064453125 0.98828125 0.1279296875 0.021484375
3 0.9931640625 0.732421875 0.013671875 0.15625
3 0.765625 0.8564453125 0.0908203125 0.138671875
3 0.21484375 0.9765625 0.1767578125 0.046875