2 0.916015625 0.869140625 0.1669921875 0.1923828125
2 0.90625 0.671875 0.142578125 0.140625
3 0.783203125 0.369140625 0.1826171875 0.177734375
2 0.517578125 0.568359375 0.1533203125 0.1513671875
3 0.87890625 0.45703125 0.1982421875 0.1923828125
2 0.8779296875 0.462890625 0.203125 0.203125
2 0.2578125 0.1181640625 0.1982421875 0.212890625
2 0.6552734375 0.3017578125 0.1533203125 0.1669921875
2 0.4765625 0.693359375 0.140625 0.1435546875
2 0.0458984375 0.9443359375 0.091796875 0.109375
3 0.4697265625 0.064453125 0.142578125 0.12890625
3 0.8544921875 0.056640625 0.1328125 0.1123046875
2 0.853515625 0.0576171875 0.1298828125 0.115234375
2 0.056640625 0.052734375 0.111328125 0.1044921875
3 0.9423828125 0.294921875 0.115234375 0.1953125
2 0.4189453125 0.14453125 0.138671875 0.130859375
2 0.0732421875 0.697265625 0.1455078125 0.3173828125
2 0.3408203125 0.9306640625 0.177734375 0.1376953125
2 0.2099609375 0.4853515625 0.3095703125 0.294921875
3 0.396484375 0.8076171875 0.1748046875 0.171875
3 0.8037109375 0.1689453125 0.2294921875 0.224609375
2 0.8046875 0.1708984375 0.228515625 0.2236328125
2 0.068359375 0.4560546875 0.1357421875 0.197265625
3 0.654296875 0.3017578125 0.154296875 0.1640625
2 0.46875 0.064453125 0.1455078125 0.1279296875
3 0.630859375 0.7939453125 0.197265625 0.169921875
3 0.474609375 0.69140625 0.1435546875 0.1435546875
3 0.58203125 0.921875 0.189453125 0.15625
3 0.9501953125 0.0185546875 0.099609375 0.037109375
3 0.41796875 0.142578125 0.138671875 0.1279296875
2 0.9619140625 0.9599609375 0.0751953125 0.078125
2 0.884765625 0.958984375 0.0986328125 0.0810546875
2 0.5400390625 0.0263671875 0.1376953125 0.052734375
3 0.53515625 0.02734375 0.134765625 0.0546875
3 0.521484375 0.984375 0.1455078125 0.03125
2 0.185546875 0.5986328125 0.365234375 0.517578125
2 0.2958984375 0.0263671875 0.1220703125 0.052734375
2 0.814453125 0.9638671875 0.1513671875 0.0703125
2 0.6982421875 0.681640625 0.177734375 0.1611328125
2 0.390625 0.1787109375 0.1953125 0.2060546875
3 0.7001953125 0.681640625 0.173828125 0.1591796875
3 0.3466796875 0.9287109375 0.1845703125 0.142578125