3 0.787109375 0.416015625 0.115234375 0.15625
3 0.91015625 0.85546875 0.123046875 0.158203125
3 0.05859375 0.8779296875 0.1171875 0.150390625
3 0.2734375 0.541015625 0.1220703125 0.1357421875
3 0.0634765625 0.5859375 0.126953125 0.154296875
3 0.333984375 0.9443359375 0.0986328125 0.109375
3 0.8662109375 0.4375 0.1044921875 0.1435546875
3 0.6328125 0.220703125 0.0966796875 0.1201171875
3 0.720703125 0.6455078125 0.09375 0.1142578125
3 0.9462890625 0.4599609375 0.107421875 0.134765625
3 0.1396484375 0.900390625 0.099609375 0.130859375
3 0.21484375 0.677734375 0.107421875 0.1376953125
3 0.244140625 0.931640625 0.1220703125 0.134765625
3 0.3720703125 0.552734375 0.111328125 0.130859375
3 0.130859375 0.6279296875 0.134765625 0.1533203125
3 0.890625 0.7001953125 0.125 0.15625
3 0.275390625 0.05078125 0.134765625 0.1015625
3 0.7060546875 0.3935546875 0.1015625 0.1376953125
3 0.2216796875 0.1103515625 0.1533203125 0.146484375
3 0.455078125 0.5849609375 0.103515625 0.140625
3 0.822265625 0.833984375 0.115234375 0.138671875
3 0.3203125 0.701171875 0.109375 0.1435546875
3 0.46484375 0.177734375 0.0986328125 0.1171875
3 0.900390625 0.294921875 0.115234375 0.162109375
3 0.548828125 0.193359375 0.1142578125 0.1279296875
3 0.564453125 0.779296875 0.0986328125 0.111328125
3 0.9677734375 0.0712890625 0.064453125 0.134765625
3 0.806640625 0.2646484375 0.1064453125 0.1201171875
3 0.1630859375 0.490234375 0.134765625 0.1357421875
3 0.8984375 0.052734375 0.119140625 0.103515625
3 0.65625 0.78515625 0.103515625 0.1376953125
3 0.541015625 0.611328125 0.1142578125 0.15625
3 0.7392578125 0.8095703125 0.1201171875 0.140625
3 0.9677734375 0.318359375 0.064453125 0.138671875
3 0.587890625 0.9765625 0.1044921875 0.046875
3 0.8076171875 0.666015625 0.1044921875 0.1201171875
3 0.4248046875 0.955078125 0.109375 0.0888671875
3 0.021484375 0.830078125 0.0419921875 0.1298828125
3 0.626953125 0.6298828125 0.1220703125 0.15625
3 0.3701171875 0.318359375 0.109375 0.1357421875
1 0.16015625 0.490234375 0.134765625 0.1376953125
3 0.5322265625 0.353515625 0.1328125 0.162109375
3 0.53125 0.015625 0.1220703125 0.03125
3 0.509765625 0.9638671875 0.1064453125 0.072265625
3 0.638671875 0.025390625 0.1044921875 0.0498046875
3 0.728515625 0.033203125 0.109375 0.06640625
3 0.814453125 0.0458984375 0.109375 0.091796875
3 0.048828125 0.287109375 0.0966796875 0.193359375
3 0.9853515625 0.705078125 0.0283203125 0.111328125
3 0.40625 0.71875 0.111328125 0.140625
3 0.0302734375 0.4833984375 0.060546875 0.099609375
3 0.720703125 0.2412109375 0.1142578125 0.126953125
1 0.7275390625 0.0341796875 0.109375 0.068359375
3 0.6279296875 0.3701171875 0.1201171875 0.146484375
2 0.0478515625 0.287109375 0.09375 0.205078125
3 0.5 0.7373046875 0.0908203125 0.1328125
1 0.4052734375 0.7265625 0.109375 0.1357421875
1 0.814453125 0.044921875 0.1064453125 0.0888671875
3 0.158203125 0.1826171875 0.1611328125 0.1591796875
3 0.4072265625 0.3291015625 0.193359375 0.1767578125
3 0.44921875 0.328125 0.109375 0.1533203125
3 0.494140625 0.755859375 0.0625 0.0673828125
3 0.0078125 0.982421875 0.015625 0.0341796875
1 0.42578125 0.9541015625 0.1142578125 0.0908203125
3 0.9775390625 0.921875 0.044921875 0.15234375
2 0.15625 0.1796875 0.158203125 0.166015625
3 0.337890625 0.0078125 0.126953125 0.015625