3 0.9462890625 0.755859375 0.107421875 0.134765625
3 0.900390625 0.576171875 0.125 0.1298828125
3 0.9384765625 0.6630859375 0.123046875 0.123046875
3 0.8134765625 0.7626953125 0.142578125 0.1435546875
3 0.8623046875 0.8330078125 0.130859375 0.1298828125
3 0.900390625 0.900390625 0.1220703125 0.111328125
3 0.4248046875 0.9599609375 0.0703125 0.078125
3 0.6953125 0.7392578125 0.1123046875 0.162109375
3 0.935546875 0.9375 0.1279296875 0.123046875
3 0.6943359375 0.947265625 0.140625 0.1044921875
3 0.9873046875 0.484375 0.0234375 0.1513671875
3 0.3388671875 0.9375 0.1171875 0.125
2 0.6953125 0.947265625 0.1435546875 0.1044921875
3 0.9736328125 0.8310546875 0.052734375 0.1279296875
0 0.6943359375 0.947265625 0.1435546875 0.103515625