3 0.126953125 0.048828125 0.1171875 0.0966796875
3 0.4521484375 0.1357421875 0.1298828125 0.1171875
3 0.8349609375 0.1259765625 0.169921875 0.103515625
3 0.861328125 0.212890625 0.1591796875 0.119140625
3 0.8310546875 0.8486328125 0.09375 0.123046875
3 0.8017578125 0.31640625 0.0986328125 0.078125
3 0.232421875 0.814453125 0.111328125 0.1142578125
3 0.19140625 0.279296875 0.1044921875 0.0859375
3 0.052734375 0.541015625 0.064453125 0.0888671875
3 0.0751953125 0.63671875 0.140625 0.119140625
1 0.900390625 0.322265625 0.087890625 0.060546875
3 0.384765625 0.5087890625 0.091796875 0.0576171875
3 0.6806640625 0.7890625 0.1201171875 0.130859375
3 0.369140625 0.7734375 0.072265625 0.0966796875
3 0.224609375 0.55078125 0.130859375 0.134765625
3 0.1103515625 0.7314453125 0.119140625 0.0888671875
3 0.40625 0.046875 0.1123046875 0.09375
1 0.154296875 0.1591796875 0.1611328125 0.138671875
3 0.341796875 0.6650390625 0.142578125 0.125
1 0.1474609375 0.412109375 0.09375 0.078125
1 0.6240234375 0.505859375 0.1533203125 0.125
1 0.9384765625 0.7041015625 0.123046875 0.1171875
1 0.4970703125 0.763671875 0.1875 0.173828125
3 0.572265625 0.8779296875 0.0576171875 0.0966796875
1 0.6845703125 0.587890625 0.125 0.0732421875
1 0.8701171875 0.9775390625 0.130859375 0.044921875
3 0.9365234375 0.7060546875 0.1171875 0.1123046875
3 0.271484375 0.7138671875 0.078125 0.064453125
3 0.716796875 0.439453125 0.0673828125 0.0419921875
3 0.1552734375 0.1591796875 0.1640625 0.142578125
1 0.3330078125 0.296875 0.1298828125 0.09375
3 0.68359375 0.5859375 0.126953125 0.078125
1 0.3583984375 0.3037109375 0.0751953125 0.0703125
3 0.3056640625 0.2861328125 0.052734375 0.044921875
1 0.6484375 0.53515625 0.2060546875 0.1875
1 0.1728515625 0.388671875 0.1455078125 0.1298828125
1 0.9658203125 0.978515625 0.0654296875 0.0419921875
1 0.7705078125 0.4580078125 0.1845703125 0.1298828125
1 0.68359375 0.0185546875 0.1015625 0.037109375
3 0.685546875 0.0556640625 0.0419921875 0.0439453125
1 0.3056640625 0.2861328125 0.052734375 0.046875
1 0.716796875 0.439453125 0.0703125 0.046875
3 0.923828125 0.7900390625 0.0888671875 0.0830078125