3 0.275390625 0.634765625 0.173828125 0.1611328125
3 0.4658203125 0.5732421875 0.189453125 0.1845703125
3 0.267578125 0.3662109375 0.2109375 0.185546875
3 0.69921875 0.1103515625 0.203125 0.1982421875
3 0.763671875 0.931640625 0.1533203125 0.134765625
3 0.32421875 0.859375 0.099609375 0.169921875
3 0.6640625 0.892578125 0.166015625 0.2080078125
3 0.115234375 0.8818359375 0.1123046875 0.158203125
3 0.8154296875 0.259765625 0.2294921875 0.232421875
3 0.5419921875 0.869140625 0.154296875 0.2001953125
3 0.21875 0.849609375 0.1044921875 0.123046875
3 0.03515625 0.8974609375 0.0703125 0.162109375
3 0.1025390625 0.3671875 0.125 0.166015625
3 0.92578125 0.388671875 0.1484375 0.208984375
3 0.833984375 0.677734375 0.2236328125 0.220703125
3 0.6650390625 0.578125 0.2294921875 0.216796875
3 0.1142578125 0.66796875 0.109375 0.166015625
3 0.4345703125 0.833984375 0.142578125 0.2109375
3 0.4296875 0.26171875 0.208984375 0.2138671875
3 0.9560546875 0.736328125 0.087890625 0.1640625
3 0.03125 0.6435546875 0.0625 0.1171875
3 0.21875 0.06640625 0.125 0.1328125
3 0.0673828125 0.103515625 0.1328125 0.197265625
3 0.892578125 0.0595703125 0.2138671875 0.119140625
3 0.8671875 0.9384765625 0.169921875 0.123046875
1 0.4306640625 0.88671875 0.115234375 0.119140625
1 0.8935546875 0.0556640625 0.212890625 0.111328125
1 0.068359375 0.103515625 0.1328125 0.1953125
1 0.3232421875 0.857421875 0.099609375 0.1689453125
3 0.0263671875 0.384765625 0.052734375 0.1328125
3 0.8525390625 0.970703125 0.1533203125 0.0576171875
1 0.4345703125 0.8349609375 0.138671875 0.2138671875
1 0.6650390625 0.576171875 0.2314453125 0.2158203125
3 0.953125 0.98828125 0.0810546875 0.0234375
0 0.9423828125 0.763671875 0.115234375 0.2314453125