3 0.1298828125 0.8828125 0.146484375 0.150390625
3 0.623046875 0.375 0.1376953125 0.1435546875
3 0.716796875 0.822265625 0.1533203125 0.15625
3 0.794921875 0.41015625 0.119140625 0.111328125
3 0.8740234375 0.8505859375 0.1455078125 0.1455078125
3 0.572265625 0.0771484375 0.126953125 0.123046875
3 0.0439453125 0.6484375 0.0859375 0.115234375
3 0.283203125 0.9248046875 0.123046875 0.1123046875
3 0.724609375 0.4638671875 0.140625 0.1376953125
3 0.8330078125 0.697265625 0.134765625 0.1328125
3 0.515625 0.138671875 0.134765625 0.134765625
3 0.8427734375 0.330078125 0.1484375 0.1357421875
3 0.75 0.2509765625 0.1455078125 0.142578125
3 0.552734375 0.43359375 0.111328125 0.115234375
3 0.490234375 0.490234375 0.107421875 0.1064453125
3 0.8134765625 0.189453125 0.1376953125 0.134765625
3 0.3203125 0.3291015625 0.142578125 0.126953125
3 0.677734375 0.3046875 0.1171875 0.1142578125
3 0.0849609375 0.5888671875 0.115234375 0.1123046875
3 0.4609375 0.203125 0.146484375 0.134765625
3 0.9033203125 0.283203125 0.123046875 0.125
3 0.892578125 0.642578125 0.1376953125 0.140625
3 0.185546875 0.8193359375 0.1220703125 0.1142578125
3 0.666015625 0.53125 0.1328125 0.1298828125
3 0.216796875 0.955078125 0.125 0.0888671875
3 0.818359375 0.919921875 0.126953125 0.126953125
3 0.943359375 0.7880859375 0.1123046875 0.1201171875
3 0.443359375 0.5517578125 0.1455078125 0.140625
3 0.8720703125 0.12890625 0.142578125 0.1357421875
3 0.06640625 0.94140625 0.123046875 0.1142578125
3 0.9404296875 0.5654296875 0.115234375 0.109375
3 0.9306640625 0.068359375 0.134765625 0.1328125
3 0.337890625 0.8515625 0.126953125 0.123046875
3 0.5908203125 0.939453125 0.15625 0.1201171875
3 0.41015625 0.802734375 0.1064453125 0.1064453125
3 0.779296875 0.76171875 0.1298828125 0.1279296875
3 0.28125 0.388671875 0.1044921875 0.09375
3 0.97265625 0.505859375 0.052734375 0.1357421875
3 0.6337890625 0.0458984375 0.119140625 0.0908203125
3 0.0390625 0.9697265625 0.078125 0.060546875
3 0.3701171875 0.759765625 0.076171875 0.078125
3 0.248046875 0.759765625 0.134765625 0.1376953125
1 0.3564453125 0.095703125 0.103515625 0.099609375
3 0.404296875 0.271484375 0.123046875 0.119140625
3 0.3046875 0.697265625 0.1455078125 0.138671875
3 0.0439453125 0.416015625 0.0859375 0.115234375
2 0.0986328125 0.0244140625 0.1220703125 0.046875
3 0.220703125 0.2216796875 0.107421875 0.1044921875
3 0.517578125 0.0244140625 0.0732421875 0.046875
2 0.046875 0.056640625 0.091796875 0.111328125
3 0.513671875 0.978515625 0.1455078125 0.0419921875
3 0.150390625 0.533203125 0.109375 0.103515625
3 0.1435546875 0.9814453125 0.099609375 0.037109375
2 0.04296875 0.4169921875 0.0859375 0.115234375
3 0.986328125 0.1611328125 0.0263671875 0.111328125
3 0.138671875 0.51171875 0.150390625 0.15625
3 0.9462890625 0.2119140625 0.107421875 0.150390625
2 0.17578125 0.2783203125 0.1015625 0.099609375
3 0.681640625 0.0146484375 0.125 0.029296875
3 0.6650390625 0.9794921875 0.109375 0.041015625
3 0.958984375 0.037109375 0.0810546875 0.0732421875
3 0.0166015625 0.716796875 0.033203125 0.1298828125
3 0.9599609375 0.712890625 0.080078125 0.1376953125
3 0.416015625 0.0458984375 0.1220703125 0.091796875
3 0.1748046875 0.27734375 0.099609375 0.099609375
2 0.0244140625 0.1064453125 0.048828125 0.1376953125
3 0.107421875 0.490234375 0.0732421875 0.072265625
3 0.6962890625 0.4375 0.078125 0.080078125
3 0.01171875 0.482421875 0.0234375 0.1123046875
3 0.568359375 0.658203125 0.1044921875 0.1044921875
3 0.3095703125 0.1669921875 0.1513671875 0.158203125
3 0.3388671875 0.7275390625 0.076171875 0.0751953125
3 0.9765625 0.73828125 0.044921875 0.0966796875
3 0.5712890625 0.556640625 0.083984375 0.083984375
3 0.970703125 0.6083984375 0.0576171875 0.0751953125
3 0.6083984375 0.5849609375 0.2626953125 0.2734375
3 0.98828125 0.640625 0.021484375 0.1220703125
1 0.30859375 0.16796875 0.1513671875 0.1591796875
1 0.5908203125 0.9384765625 0.1591796875 0.1220703125
3 0.921875 0.0517578125 0.09375 0.0888671875
3 0.564453125 0.595703125 0.166015625 0.173828125
3 0.0234375 0.10546875 0.046875 0.1220703125