3 0.544921875 0.484375 0.1484375 0.1328125
3 0.861328125 0.701171875 0.1484375 0.134765625
3 0.677734375 0.6728515625 0.1328125 0.1279296875
3 0.49609375 0.55078125 0.1201171875 0.111328125
3 0.818359375 0.7744140625 0.115234375 0.1123046875
3 0.2265625 0.2373046875 0.1298828125 0.1220703125
1 0.384765625 0.0517578125 0.1298828125 0.103515625
3 0.841796875 0.068359375 0.1357421875 0.1357421875
3 0.787109375 0.142578125 0.1171875 0.1142578125
3 0.1552734375 0.0810546875 0.1328125 0.1279296875
3 0.6982421875 0.283203125 0.1015625 0.103515625
3 0.6357421875 0.341796875 0.1376953125 0.1328125
3 0.4462890625 0.6201171875 0.1298828125 0.125
3 0.927734375 0.3271484375 0.107421875 0.095703125
3 0.6015625 0.419921875 0.1171875 0.1142578125
3 0.337890625 0.1123046875 0.1064453125 0.109375
3 0.35546875 0.4453125 0.103515625 0.1064453125
3 0.4638671875 0.31640625 0.140625 0.130859375
3 0.5439453125 0.166015625 0.1044921875 0.1044921875
3 0.6416015625 0.748046875 0.1513671875 0.134765625
3 0.193359375 0.955078125 0.1376953125 0.0888671875
3 0.1416015625 0.376953125 0.123046875 0.1142578125
3 0.6552734375 0.9453125 0.1513671875 0.107421875
3 0.3125 0.5234375 0.1142578125 0.115234375
3 0.099609375 0.453125 0.103515625 0.1015625
3 0.9521484375 0.955078125 0.095703125 0.087890625
3 0.052734375 0.5185546875 0.10546875 0.138671875
3 0.1826171875 0.3125 0.125 0.1171875
3 0.2919921875 0.181640625 0.109375 0.1044921875
3 0.095703125 0.80859375 0.1064453125 0.1044921875
3 0.8759765625 0.416015625 0.1279296875 0.126953125
3 0.71484375 0.9033203125 0.142578125 0.130859375
3 0.5966796875 0.1044921875 0.0986328125 0.091796875
3 0.8310546875 0.482421875 0.1298828125 0.1298828125
3 0.265625 0.587890625 0.109375 0.103515625
3 0.7626953125 0.83203125 0.142578125 0.140625
3 0.107421875 0.154296875 0.1279296875 0.134765625
3 0.9072265625 0.6103515625 0.1689453125 0.1748046875
3 0.5859375 0.8115234375 0.1376953125 0.1298828125
3 0.96484375 0.4853515625 0.068359375 0.109375
3 0.4345703125 0.0185546875 0.1298828125 0.037109375
3 0.953125 0.5673828125 0.09375 0.125
3 0.0615234375 0.884765625 0.123046875 0.126953125
3 0.400390625 0.376953125 0.1015625 0.103515625
3 0.5029296875 0.2412109375 0.1064453125 0.1044921875
3 0.2294921875 0.6650390625 0.1513671875 0.1484375
3 0.5302734375 0.876953125 0.1376953125 0.130859375
3 0.6728515625 0.0361328125 0.109375 0.0703125
3 0.71875 0.611328125 0.0986328125 0.109375
3 0.75 0.208984375 0.1123046875 0.0888671875
3 0.2109375 0.0390625 0.150390625 0.078125
3 0.763671875 0.5322265625 0.109375 0.1142578125
3 0.072265625 0.224609375 0.1435546875 0.140625
3 0.9697265625 0.908203125 0.060546875 0.11328125
1 0.205078125 0.865234375 0.095703125 0.1064453125
3 0.9736328125 0.203125 0.052734375 0.125
3 0.25 0.9091796875 0.115234375 0.111328125
1 0.462890625 0.314453125 0.1435546875 0.134765625
3 0.91015625 0.990234375 0.1171875 0.0185546875
3 0.41015625 0.4755859375 0.0673828125 0.0625
3 0.021484375 0.3828125 0.04296875 0.125
3 0.916015625 0.0185546875 0.15625 0.037109375
3 0.3037109375 0.7021484375 0.0703125 0.0732421875
3 0.6279296875 0.939453125 0.0859375 0.09375
1 0.7509765625 0.216796875 0.1142578125 0.111328125
1 0.9482421875 0.2666015625 0.103515625 0.125
3 0.033203125 0.9345703125 0.064453125 0.09375
1 0.40234375 0.3759765625 0.1015625 0.1044921875
3 0.376953125 0.705078125 0.15625 0.1796875
3 0.044921875 0.3115234375 0.0888671875 0.0986328125
3 0.009765625 0.482421875 0.017578125 0.09375
3 0.0234375 0.6240234375 0.046875 0.09375
3 0.84765625 0.5234375 0.0576171875 0.052734375
3 0.4794921875 0.236328125 0.0625 0.076171875