3 0.646484375 0.849609375 0.119140625 0.146484375
3 0.791015625 0.732421875 0.189453125 0.171875
3 0.6484375 0.642578125 0.1591796875 0.1513671875
3 0.869140625 0.1220703125 0.177734375 0.154296875
2 0.0380859375 0.2021484375 0.0751953125 0.123046875
3 0.1298828125 0.896484375 0.140625 0.138671875
3 0.3232421875 0.6103515625 0.125 0.1201171875
3 0.37890625 0.8212890625 0.107421875 0.1044921875
3 0.201171875 0.767578125 0.1357421875 0.1435546875
3 0.408203125 0.447265625 0.0810546875 0.0859375
3 0.4716796875 0.384765625 0.099609375 0.1044921875
3 0.2890625 0.685546875 0.1201171875 0.119140625
3 0.716796875 0.0888671875 0.171875 0.1669921875
3 0.603515625 0.0703125 0.1064453125 0.125
3 0.8974609375 0.9248046875 0.1142578125 0.150390625
3 0.970703125 0.13671875 0.0576171875 0.0888671875
3 0.712890625 0.892578125 0.0703125 0.0859375
3 0.1748046875 0.4638671875 0.123046875 0.119140625
1 0.4814453125 0.5263671875 0.0654296875 0.0625
3 0.810546875 0.90625 0.1220703125 0.1533203125
2 0.265625 0.30078125 0.1455078125 0.138671875
2 0.1181640625 0.064453125 0.1220703125 0.123046875
2 0.228515625 0.384765625 0.1123046875 0.115234375
3 0.322265625 0.896484375 0.1591796875 0.130859375
3 0.517578125 0.8095703125 0.111328125 0.099609375
3 0.3701171875 0.529296875 0.1015625 0.107421875
1 0.517578125 0.8095703125 0.111328125 0.1015625
2 0.1142578125 0.4296875 0.0751953125 0.0859375
3 0.689453125 0.3408203125 0.1904296875 0.169921875
1 0.482421875 0.294921875 0.0859375 0.103515625
3 0.134765625 0.541015625 0.083984375 0.0859375
2 0.1337890625 0.541015625 0.0830078125 0.0859375
3 0.642578125 0.4912109375 0.1953125 0.1953125
2 0.1767578125 0.462890625 0.123046875 0.1142578125
1 0.810546875 0.9052734375 0.1201171875 0.1513671875
3 0.6201171875 0.5234375 0.142578125 0.1142578125
3 0.65625 0.388671875 0.119140625 0.064453125
3 0.263671875 0.298828125 0.1455078125 0.142578125
3 0.228515625 0.384765625 0.109375 0.115234375
3 0.11328125 0.4296875 0.0732421875 0.0830078125
0 0.8994140625 0.4560546875 0.1982421875 0.353515625
2 0.0224609375 0.7109375 0.044921875 0.1171875
2 0.181640625 0.015625 0.119140625 0.03125
3 0.9638671875 0.9345703125 0.072265625 0.130859375
3 0.927734375 0.005859375 0.109375 0.01171875
2 0.435546875 0.1083984375 0.2216796875 0.216796875
3 0.9599609375 0.7470703125 0.064453125 0.0595703125
3 0.9912109375 0.1689453125 0.017578125 0.146484375
3 0.4619140625 0.0771484375 0.1669921875 0.1533203125
3 0.306640625 0.6474609375 0.177734375 0.1982421875
3 0.2412109375 0.955078125 0.0859375 0.083984375
1 0.931640625 0.791015625 0.1357421875 0.1669921875
3 0.4296875 0.9716796875 0.080078125 0.056640625
2 0.029296875 0.095703125 0.0576171875 0.080078125
3 0.91015625 0.431640625 0.1796875 0.2734375
3 0.2822265625 0.974609375 0.140625 0.0498046875
2 0.091796875 0.08984375 0.18359375 0.1796875
2 0.255859375 0.3369140625 0.1875 0.2314453125
0 0.4384765625 0.1103515625 0.2470703125 0.2138671875
3 0.0244140625 0.70703125 0.048828125 0.1279296875
3 0.9306640625 0.7861328125 0.138671875 0.154296875
3 0.818359375 0.0068359375 0.087890625 0.0126953125
3 0.119140625 0.0615234375 0.1220703125 0.1220703125
3 0.9033203125 0.4169921875 0.1201171875 0.111328125
3 0.68359375 0.0673828125 0.0810546875 0.0810546875