3 0.7724609375 0.955078125 0.1513671875 0.0888671875
3 0.572265625 0.8232421875 0.1376953125 0.1171875
3 0.9267578125 0.8056640625 0.146484375 0.142578125
2 0.7509765625 0.083984375 0.228515625 0.16796875
2 0.6552734375 0.248046875 0.21875 0.2109375
3 0.2060546875 0.396484375 0.1220703125 0.115234375
3 0.8173828125 0.724609375 0.134765625 0.134765625
3 0.591796875 0.908203125 0.142578125 0.123046875
3 0.505859375 0.611328125 0.126953125 0.123046875
3 0.0439453125 0.3720703125 0.087890625 0.1220703125
3 0.0537109375 0.54296875 0.107421875 0.1142578125
3 0.0302734375 0.2939453125 0.060546875 0.087890625
3 0.181640625 0.3037109375 0.109375 0.115234375
2 0.759765625 0.4248046875 0.1376953125 0.123046875
3 0.080078125 0.03515625 0.142578125 0.0703125
3 0.9384765625 0.5693359375 0.123046875 0.142578125
3 0.845703125 0.90625 0.1455078125 0.1328125
3 0.349609375 0.966796875 0.150390625 0.0654296875
3 0.712890625 0.7939453125 0.111328125 0.1142578125
3 0.123046875 0.1142578125 0.119140625 0.1171875
2 0.833984375 0.349609375 0.109375 0.115234375
3 0.1552734375 0.2041015625 0.119140625 0.119140625
3 0.703125 0.5087890625 0.115234375 0.1220703125
3 0.052734375 0.466796875 0.1044921875 0.1044921875
3 0.6337890625 0.572265625 0.125 0.1298828125
3 0.4716796875 0.501953125 0.1533203125 0.134765625
3 0.228515625 0.49609375 0.1201171875 0.1171875
3 0.9677734375 0.751953125 0.064453125 0.119140625
3 0.595703125 0.9765625 0.119140625 0.046875
3 0.884765625 0.6455078125 0.130859375 0.1328125
3 0.025390625 0.2080078125 0.05078125 0.111328125
2 0.9677734375 0.447265625 0.064453125 0.2158203125
3 0.986328125 0.6220703125 0.0263671875 0.140625
2 0.4716796875 0.50390625 0.1533203125 0.130859375
3 0.28125 0.677734375 0.109375 0.1064453125
1 0.056640625 0.626953125 0.0908203125 0.0986328125
2 0.9853515625 0.1123046875 0.029296875 0.1533203125
2 0.4755859375 0.1005859375 0.298828125 0.201171875
0 0.431640625 0.2998046875 0.2001953125 0.2294921875
2 0.56640625 0.017578125 0.1298828125 0.0341796875
1 0.13671875 0.86328125 0.0703125 0.0595703125
2 0.947265625 0.1962890625 0.1044921875 0.1357421875
3 0.8916015625 0.6171875 0.072265625 0.072265625
3 0.0576171875 0.6279296875 0.091796875 0.0986328125
0 0.4736328125 0.1015625 0.318359375 0.1982421875
2 0.9111328125 0.2197265625 0.177734375 0.197265625
2 0.4287109375 0.30078125 0.201171875 0.2294921875
1 0.3271484375 0.1923828125 0.0654296875 0.068359375
2 0.45703125 0.35546875 0.126953125 0.1279296875
3 0.24609375 0.625 0.1904296875 0.212890625