3 0.947265625 0.91796875 0.1044921875 0.1044921875
3 0.8994140625 0.9580078125 0.1513671875 0.083984375
3 0.9658203125 0.8447265625 0.0673828125 0.1142578125
3 0.7294921875 0.947265625 0.15625 0.1044921875
3 0.4912109375 0.427734375 0.103515625 0.1201171875
3 0.392578125 0.361328125 0.115234375 0.1279296875
3 0.7685546875 0.8896484375 0.1533203125 0.134765625
3 0.818359375 0.8203125 0.169921875 0.1484375
2 0.705078125 0.4931640625 0.1689453125 0.1591796875
3 0.4111328125 0.095703125 0.150390625 0.1669921875
3 0.3369140625 0.328125 0.1142578125 0.1298828125
3 0.0830078125 0.794921875 0.134765625 0.1640625
3 0.263671875 0.4423828125 0.1279296875 0.150390625
3 0.58203125 0.2041015625 0.1328125 0.1533203125
3 0.072265625 0.6015625 0.14453125 0.1796875
3 0.412109375 0.9462890625 0.166015625 0.1064453125
3 0.544921875 0.4580078125 0.103515625 0.1220703125
3 0.2080078125 0.404296875 0.099609375 0.109375
3 0.76171875 0.0341796875 0.1796875 0.068359375
3 0.6357421875 0.251953125 0.1015625 0.109375
3 0.0322265625 0.724609375 0.0625 0.138671875
3 0.2197265625 0.9638671875 0.146484375 0.072265625
3 0.4921875 0.8662109375 0.1455078125 0.1513671875
3 0.369140625 0.796875 0.1640625 0.1748046875
2 0.9248046875 0.111328125 0.1484375 0.21875
3 0.037109375 0.125 0.0732421875 0.1220703125
3 0.1787109375 0.673828125 0.185546875 0.2109375
3 0.44140625 0.396484375 0.1015625 0.115234375
3 0.861328125 0.7421875 0.166015625 0.1484375
3 0.4736328125 0.583984375 0.123046875 0.1533203125
3 0.13671875 0.3759765625 0.1279296875 0.1298828125
3 0.2294921875 0.2568359375 0.1376953125 0.173828125
3 0.287109375 0.294921875 0.109375 0.119140625
3 0.591796875 0.654296875 0.1298828125 0.1435546875
3 0.0478515625 0.3154296875 0.095703125 0.130859375
0 0.751953125 0.421875 0.2939453125 0.3125
3 0.302734375 0.900390625 0.134765625 0.1357421875
3 0.345703125 0.494140625 0.140625 0.146484375
2 0.751953125 0.427734375 0.294921875 0.3173828125
3 0.677734375 0.638671875 0.072265625 0.078125
3 0.6728515625 0.9814453125 0.138671875 0.037109375
2 0.7900390625 0.3671875 0.1953125 0.1982421875
3 0.0166015625 0.97265625 0.033203125 0.0546875
1 0.5458984375 0.45703125 0.1044921875 0.126953125
3 0.4970703125 0.1552734375 0.1748046875 0.177734375
0 0.154296875 0.2578125 0.3076171875 0.392578125
3 0.212890625 0.986328125 0.1513671875 0.0263671875
2 0.966796875 0.6240234375 0.0654296875 0.130859375
0 0.3408203125 0.8408203125 0.2314453125 0.2626953125
1 0.416015625 0.5537109375 0.1142578125 0.1357421875
3 0.7890625 0.3662109375 0.1982421875 0.197265625
2 0.591796875 0.65625 0.134765625 0.158203125
2 0.2431640625 0.033203125 0.076171875 0.06640625
2 0.9345703125 0.5625 0.130859375 0.2578125
3 0.5205078125 0.638671875 0.1044921875 0.1123046875
3 0.896484375 0.6708984375 0.1171875 0.1123046875
3 0.8203125 0.9892578125 0.11328125 0.021484375
1 0.0263671875 0.5419921875 0.052734375 0.1533203125
2 0.6552734375 0.9794921875 0.134765625 0.041015625
3 0.2431640625 0.0341796875 0.076171875 0.0654296875
3 0.791015625 0.802734375 0.111328125 0.103515625
1 0.068359375 0.1669921875 0.1201171875 0.1484375