3 0.361328125 0.333984375 0.138671875 0.140625
3 0.4814453125 0.36328125 0.1904296875 0.201171875
3 0.283203125 0.943359375 0.1220703125 0.111328125
3 0.291015625 0.583984375 0.158203125 0.15625
3 0.2099609375 0.677734375 0.1171875 0.109375
2 0.0859375 0.072265625 0.171875 0.1435546875
2 0.67578125 0.60546875 0.150390625 0.1611328125
3 0.1376953125 0.837890625 0.1455078125 0.154296875
2 0.7861328125 0.90625 0.3251953125 0.1875
2 0.7646484375 0.6416015625 0.140625 0.1611328125
3 0.615234375 0.1943359375 0.1669921875 0.1767578125
3 0.458984375 0.0703125 0.1796875 0.138671875
3 0.2197265625 0.8916015625 0.126953125 0.134765625
3 0.8916015625 0.435546875 0.150390625 0.146484375
3 0.1533203125 0.1083984375 0.169921875 0.1875
3 0.474609375 0.8076171875 0.181640625 0.189453125
2 0.892578125 0.4326171875 0.146484375 0.146484375
3 0.3994140625 0.7431640625 0.21875 0.2392578125
3 0.546875 0.873046875 0.140625 0.1513671875
3 0.4951171875 0.216796875 0.0654296875 0.0625
3 0.208984375 0.185546875 0.162109375 0.173828125
3 0.763671875 0.6416015625 0.142578125 0.1689453125
3 0.548828125 0.1064453125 0.1357421875 0.1435546875
3 0.1142578125 0.46484375 0.203125 0.259765625
2 0.9384765625 0.677734375 0.123046875 0.140625
3 0.3486328125 0.9697265625 0.125 0.060546875
3 0.9453125 0.560546875 0.109375 0.154296875
3 0.0517578125 0.3046875 0.1015625 0.166015625
2 0.546875 0.873046875 0.138671875 0.1513671875
3 0.67578125 0.60546875 0.154296875 0.162109375
2 0.94140625 0.1337890625 0.1171875 0.234375
3 0.794921875 0.3662109375 0.162109375 0.1591796875
3 0.275390625 0.2646484375 0.126953125 0.1298828125
3 0.037109375 0.7373046875 0.0732421875 0.154296875
3 0.0185546875 0.392578125 0.037109375 0.1171875
3 0.1865234375 0.5546875 0.1923828125 0.208984375
3 0.0654296875 0.662109375 0.1298828125 0.1435546875
1 0.5458984375 0.1064453125 0.134765625 0.138671875
0 0.6923828125 0.451171875 0.359375 0.333984375
3 0.94140625 0.134765625 0.1171875 0.228515625
3 0.7666015625 0.388671875 0.095703125 0.0986328125
2 0.7919921875 0.0205078125 0.115234375 0.041015625
3 0.203125 0.87890625 0.0859375 0.09375
3 0.083984375 0.0703125 0.16796875 0.140625
3 0.7900390625 0.021484375 0.1279296875 0.0419921875
3 0.451171875 0.2607421875 0.072265625 0.076171875
2 0.05078125 0.302734375 0.099609375 0.173828125
3 0.763671875 0.525390625 0.0751953125 0.068359375
3 0.251953125 0.013671875 0.109375 0.02734375
1 0.05859375 0.658203125 0.1171875 0.1376953125
3 0.2158203125 0.525390625 0.134765625 0.1376953125