3 0.8994140625 0.751953125 0.134765625 0.166015625
3 0.541015625 0.5078125 0.107421875 0.1220703125
3 0.23046875 0.6455078125 0.123046875 0.103515625
1 0.263671875 0.71875 0.109375 0.0966796875
3 0.4677734375 0.48828125 0.126953125 0.150390625
3 0.552734375 0.046875 0.0986328125 0.09375
3 0.8037109375 0.919921875 0.111328125 0.1171875
3 0.5810546875 0.2900390625 0.1328125 0.181640625
1 0.20703125 0.572265625 0.1220703125 0.1015625
3 0.2998046875 0.8486328125 0.1142578125 0.1015625
3 0.6630859375 0.580078125 0.1015625 0.1201171875
3 0.556640625 0.751953125 0.1201171875 0.146484375
3 0.5029296875 0.271484375 0.109375 0.1279296875
3 0.5908203125 0.5673828125 0.1376953125 0.169921875
3 0.4013671875 0.451171875 0.1376953125 0.1669921875
3 0.154296875 0.75390625 0.046875 0.0517578125
3 0.7265625 0.1533203125 0.123046875 0.142578125
3 0.3369140625 0.3935546875 0.1123046875 0.1279296875
3 0.603515625 0.1103515625 0.0859375 0.0810546875
1 0.6884765625 0.8173828125 0.123046875 0.1591796875
3 0.744140625 0.857421875 0.126953125 0.138671875
3 0.439453125 0.2470703125 0.107421875 0.130859375
3 0.0556640625 0.0302734375 0.087890625 0.060546875
3 0.384765625 0.197265625 0.125 0.1533203125
3 0.78515625 0.646484375 0.103515625 0.103515625
3 0.623046875 0.349609375 0.1015625 0.1123046875
1 0.1513671875 0.45703125 0.083984375 0.078125
3 0.947265625 0.4970703125 0.095703125 0.1064453125
3 0.8310546875 0.7109375 0.107421875 0.1201171875
3 0.306640625 0.193359375 0.095703125 0.1044921875
3 0.814453125 0.455078125 0.103515625 0.1171875
3 0.0185546875 0.0908203125 0.037109375 0.099609375
3 0.9736328125 0.08984375 0.052734375 0.162109375
3 0.8388671875 0.25390625 0.1279296875 0.1611328125
3 0.4541015625 0.650390625 0.123046875 0.146484375
3 0.9541015625 0.0439453125 0.091796875 0.087890625
3 0.685546875 0.37890625 0.1015625 0.1171875
1 0.330078125 0.9130859375 0.126953125 0.1015625
3 0.484375 0.0390625 0.109375 0.078125
3 0.5615234375 0.984375 0.099609375 0.03125
1 0.216796875 0.0302734375 0.103515625 0.060546875
3 0.814453125 0.0234375 0.091796875 0.046875
1 0.078125 0.6103515625 0.0810546875 0.0703125
3 0.6865234375 0.81640625 0.125 0.1611328125
3 0.775390625 0.197265625 0.138671875 0.1748046875
3 0.912109375 0.26171875 0.107421875 0.1357421875
3 0.4951171875 0.7119140625 0.134765625 0.177734375
3 0.8818359375 0.4658203125 0.1220703125 0.15625
1 0.0732421875 0.5986328125 0.126953125 0.109375
1 0.62109375 0.7998046875 0.1142578125 0.1376953125
3 0.962890625 0.2861328125 0.072265625 0.130859375
3 0.40625 0.03125 0.126953125 0.0625
2 0.9697265625 0.5625 0.0595703125 0.1591796875
1 0.716796875 0.6103515625 0.087890625 0.0986328125
3 0.8056640625 0.779296875 0.048828125 0.0517578125
3 0.755859375 0.4091796875 0.123046875 0.134765625
3 0.9697265625 0.5478515625 0.0595703125 0.1640625
3 0.373046875 0.578125 0.1171875 0.1123046875
3 0.1142578125 0.041015625 0.103515625 0.08203125
3 0.33984375 0.958984375 0.1904296875 0.080078125
3 0.9794921875 0.974609375 0.041015625 0.0498046875
3 0.7939453125 0.1787109375 0.0986328125 0.119140625
3 0.98828125 0.7734375 0.0234375 0.0830078125
1 0.6845703125 0.3798828125 0.1064453125 0.115234375
3 0.625 0.056640625 0.0810546875 0.0732421875
3 0.4521484375 0.0986328125 0.064453125 0.0654296875
1 0.201171875 0.1240234375 0.0595703125 0.0888671875
3 0.1455078125 0.81640625 0.0517578125 0.0498046875
3 0.62109375 0.7900390625 0.1142578125 0.158203125
3 0.763671875 0.0068359375 0.1328125 0.013671875
2 0.9736328125 0.091796875 0.052734375 0.169921875