1 0.9287109375 0.408203125 0.111328125 0.0908203125
3 0.888671875 0.220703125 0.1201171875 0.123046875
3 0.9384765625 0.5478515625 0.0966796875 0.0986328125
3 0.8427734375 0.7939453125 0.1123046875 0.1123046875
1 0.9580078125 0.66015625 0.0732421875 0.080078125
3 0.93359375 0.873046875 0.103515625 0.095703125
0 0.169921875 0.3955078125 0.1845703125 0.224609375
3 0.57421875 0.2861328125 0.1767578125 0.2109375
1 0.458984375 0.4560546875 0.1328125 0.125
1 0.888671875 0.220703125 0.125 0.125
3 0.552734375 0.3203125 0.1171875 0.1279296875
3 0.87890625 0.044921875 0.0859375 0.087890625
1 0.9384765625 0.546875 0.095703125 0.0986328125
1 0.841796875 0.79296875 0.107421875 0.1123046875
0 0.201171875 0.357421875 0.111328125 0.1435546875