3 0.646484375 0.248046875 0.1455078125 0.1376953125
3 0.265625 0.505859375 0.1201171875 0.1484375
3 0.783203125 0.0615234375 0.115234375 0.123046875
3 0.3544921875 0.1884765625 0.193359375 0.1982421875
3 0.578125 0.4775390625 0.1669921875 0.166015625
2 0.779296875 0.900390625 0.201171875 0.197265625
3 0.255859375 0.0703125 0.212890625 0.138671875
3 0.384765625 0.9326171875 0.1533203125 0.134765625
3 0.078125 0.287109375 0.1533203125 0.150390625
3 0.9658203125 0.2177734375 0.0673828125 0.123046875
3 0.947265625 0.142578125 0.1044921875 0.126953125
1 0.923828125 0.0703125 0.1220703125 0.1171875
2 0.552734375 0.91796875 0.193359375 0.1640625
3 0.47265625 0.3369140625 0.236328125 0.275390625
2 0.025390625 0.904296875 0.05078125 0.1171875
3 0.5341796875 0.1064453125 0.2080078125 0.1953125
3 0.2021484375 0.625 0.0498046875 0.046875
2 0.970703125 0.67578125 0.056640625 0.095703125
3 0.5634765625 0.080078125 0.142578125 0.134765625
1 0.255859375 0.072265625 0.2109375 0.1435546875
3 0.923828125 0.0693359375 0.1220703125 0.1171875
3 0.529296875 0.1650390625 0.0908203125 0.076171875
1 0.9462890625 0.1435546875 0.1064453125 0.125
3 0.8828125 0.015625 0.1220703125 0.029296875
3 0.099609375 0.568359375 0.1982421875 0.2001953125
0 0.103515625 0.919921875 0.177734375 0.1591796875
3 0.466796875 0.294921875 0.1767578125 0.1796875
2 0.076171875 0.97265625 0.1044921875 0.0517578125
1 0.0615234375 0.17578125 0.123046875 0.1171875
0 0.8369140625 0.896484375 0.322265625 0.203125