3 0.7431640625 0.693359375 0.1611328125 0.1640625
3 0.892578125 0.302734375 0.1201171875 0.130859375
3 0.703125 0.4072265625 0.1279296875 0.126953125
3 0.86328125 0.0517578125 0.126953125 0.1015625
3 0.912109375 0.568359375 0.1201171875 0.1201171875
3 0.818359375 0.763671875 0.166015625 0.1767578125
3 0.4287109375 0.939453125 0.126953125 0.119140625
3 0.7685546875 0.4599609375 0.125 0.1328125
3 0.5185546875 0.517578125 0.125 0.140625
3 0.1298828125 0.275390625 0.158203125 0.1533203125
3 0.9384765625 0.0830078125 0.1220703125 0.1298828125
3 0.9091796875 0.802734375 0.130859375 0.1435546875
3 0.076171875 0.205078125 0.1201171875 0.119140625
3 0.8427734375 0.5205078125 0.1171875 0.130859375
3 0.041015625 0.4228515625 0.0810546875 0.1201171875
3 0.6748046875 0.146484375 0.125 0.1328125
3 0.615234375 0.8740234375 0.166015625 0.166015625
3 0.658203125 0.62109375 0.1455078125 0.146484375
3 0.099609375 0.470703125 0.130859375 0.142578125
3 0.541015625 0.7841796875 0.1201171875 0.1328125
3 0.640625 0.34765625 0.130859375 0.1435546875
3 0.033203125 0.154296875 0.0654296875 0.1171875
3 0.9599609375 0.615234375 0.078125 0.126953125
3 0.4453125 0.474609375 0.1220703125 0.126953125
3 0.283203125 0.365234375 0.1220703125 0.130859375
3 0.45703125 0.7568359375 0.119140625 0.1220703125
3 0.2158203125 0.310546875 0.123046875 0.126953125
3 0.5478515625 0.306640625 0.1328125 0.142578125
3 0.970703125 0.1376953125 0.0576171875 0.138671875
3 0.6962890625 0.9296875 0.1123046875 0.111328125
3 0.75390625 0.1962890625 0.1201171875 0.1220703125
3 0.7919921875 0.0244140625 0.1064453125 0.048828125
3 0.9765625 0.330078125 0.044921875 0.0625
1 0.7919921875 0.93359375 0.142578125 0.130859375
3 0.830078125 0.2392578125 0.1201171875 0.130859375
3 0.2509765625 0.083984375 0.115234375 0.1220703125
3 0.357421875 0.8984375 0.123046875 0.130859375
3 0.283203125 0.853515625 0.111328125 0.1142578125
3 0.421875 0.1748046875 0.181640625 0.189453125
3 0.697265625 0.267578125 0.0908203125 0.078125
3 0.94140625 0.373046875 0.1171875 0.140625
3 0.1884765625 0.5029296875 0.1455078125 0.15625
3 0.3056640625 0.150390625 0.103515625 0.1015625
3 0.486328125 0.9794921875 0.0966796875 0.041015625
3 0.580078125 0.5771484375 0.1376953125 0.1533203125
2 0.046875 0.6806640625 0.09375 0.1376953125
3 0.962890625 0.845703125 0.072265625 0.1044921875
1 0.1865234375 0.0498046875 0.1357421875 0.099609375
3 0.494140625 0.0498046875 0.130859375 0.099609375
3 0.048828125 0.6806640625 0.095703125 0.1376953125
3 0.318359375 0.6484375 0.1142578125 0.1123046875
3 0.7939453125 0.93359375 0.142578125 0.1298828125
3 0.9892578125 0.9140625 0.021484375 0.125
3 0.984375 0.4140625 0.03125 0.1376953125
2 0.423828125 0.1767578125 0.1875 0.1923828125
3 0.583984375 0.5517578125 0.0859375 0.0908203125
3 0.111328125 0.37890625 0.0888671875 0.0751953125
3 0.009765625 0.375 0.017578125 0.1123046875
1 0.8583984375 0.9755859375 0.125 0.048828125
3 0.189453125 0.048828125 0.1435546875 0.0966796875
3 0.40625 0.681640625 0.1376953125 0.154296875
3 0.365234375 0.8857421875 0.09375 0.0859375
3 0.865234375 0.9775390625 0.12109375 0.044921875
3 0.1591796875 0.9775390625 0.091796875 0.044921875
3 0.0107421875 0.498046875 0.021484375 0.0546875
1 0.13671875 0.87109375 0.2392578125 0.2578125
3 0.9775390625 0.9189453125 0.041015625 0.162109375
3 0.18359375 0.95703125 0.1328125 0.083984375
3 0.107421875 0.0263671875 0.130859375 0.052734375
3 0.0185546875 0.6123046875 0.037109375 0.1455078125
3 0.3359375 0.0263671875 0.138671875 0.052734375
3 0.6171875 0.6015625 0.2373046875 0.212890625