3 0.1357421875 0.9462890625 0.123046875 0.1064453125
3 0.9501953125 0.9443359375 0.0966796875 0.107421875
1 0.5068359375 0.474609375 0.1357421875 0.125
2 0.6337890625 0.150390625 0.1298828125 0.134765625
3 0.4443359375 0.6015625 0.150390625 0.1640625
1 0.34375 0.25390625 0.1123046875 0.0966796875
1 0.953125 0.7451171875 0.09375 0.1220703125
3 0.189453125 0.68359375 0.1455078125 0.1435546875
3 0.103515625 0.4169921875 0.125 0.1201171875
3 0.8173828125 0.41796875 0.103515625 0.1015625
1 0.53125 0.91796875 0.1279296875 0.1640625
3 0.458984375 0.111328125 0.1171875 0.130859375
3 0.6083984375 0.2490234375 0.078125 0.0732421875
2 0.458984375 0.111328125 0.1171875 0.1298828125
1 0.873046875 0.0849609375 0.1689453125 0.169921875
3 0.580078125 0.3828125 0.142578125 0.1513671875
3 0.736328125 0.23828125 0.119140625 0.115234375
3 0.306640625 0.794921875 0.125 0.1513671875
1 0.9697265625 0.4833984375 0.060546875 0.103515625
1 0.8896484375 0.0595703125 0.1220703125 0.119140625
1 0.1220703125 0.283203125 0.1064453125 0.1044921875
1 0.736328125 0.23828125 0.119140625 0.1171875
1 0.9775390625 0.6396484375 0.044921875 0.060546875
3 0.970703125 0.4853515625 0.0576171875 0.1015625
3 0.12109375 0.283203125 0.103515625 0.107421875
3 0.7060546875 0.08203125 0.0703125 0.0654296875
1 0.830078125 0.2939453125 0.126953125 0.126953125
0 0.873046875 0.0859375 0.1689453125 0.171875
3 0.587890625 0.3642578125 0.103515625 0.095703125
3 0.5576171875 0.0087890625 0.0859375 0.017578125
1 0.1025390625 0.416015625 0.125 0.1220703125
1 0.5517578125 0.4375 0.2392578125 0.255859375