3 0.4716796875 0.5419921875 0.166015625 0.1640625
3 0.205078125 0.072265625 0.166015625 0.1435546875
3 0.4130859375 0.8076171875 0.138671875 0.150390625
3 0.361328125 0.21484375 0.1298828125 0.130859375
3 0.2041015625 0.79296875 0.154296875 0.162109375
3 0.8916015625 0.42578125 0.1357421875 0.1435546875
3 0.353515625 0.9248046875 0.1298828125 0.126953125
3 0.275390625 0.86328125 0.142578125 0.1484375
3 0.205078125 0.5634765625 0.1376953125 0.1328125
3 0.2353515625 0.1669921875 0.1201171875 0.1171875
3 0.1064453125 0.3740234375 0.138671875 0.1298828125
3 0.71875 0.744140625 0.1298828125 0.1357421875
3 0.1435546875 0.7109375 0.119140625 0.119140625
3 0.5732421875 0.9140625 0.1279296875 0.1328125
3 0.935546875 0.7646484375 0.1279296875 0.1455078125
3 0.556640625 0.6240234375 0.123046875 0.134765625
3 0.0390625 0.9111328125 0.078125 0.1376953125
3 0.794921875 0.7998046875 0.134765625 0.142578125
3 0.3212890625 0.052734375 0.126953125 0.103515625
3 0.4111328125 0.4521484375 0.138671875 0.1279296875
3 0.94921875 0.494140625 0.0986328125 0.1142578125
3 0.0986328125 0.6171875 0.1455078125 0.140625
3 0.552734375 0.36328125 0.126953125 0.1298828125
3 0.3232421875 0.736328125 0.1220703125 0.1171875
3 0.8740234375 0.6962890625 0.1357421875 0.138671875
3 0.646484375 0.95703125 0.1044921875 0.0859375
3 0.6337890625 0.69140625 0.1279296875 0.126953125
3 0.041015625 0.21484375 0.08203125 0.125
3 0.9423828125 0.91015625 0.115234375 0.115234375
3 0.427734375 0.962890625 0.123046875 0.072265625
3 0.8623046875 0.8623046875 0.1279296875 0.125
3 0.486328125 0.869140625 0.1376953125 0.146484375
3 0.2890625 0.2666015625 0.109375 0.1171875
3 0.037109375 0.4375 0.07421875 0.109375
3 0.0693359375 0.298828125 0.123046875 0.119140625
3 0.4423828125 0.150390625 0.123046875 0.1484375
3 0.53125 0.1015625 0.130859375 0.134765625
3 0.7919921875 0.3388671875 0.154296875 0.1455078125
3 0.556640625 0.033203125 0.109375 0.0654296875
3 0.078125 0.9541015625 0.15625 0.0888671875
3 0.9833984375 0.798828125 0.033203125 0.15625
3 0.98828125 0.53125 0.0234375 0.1357421875
3 0.0166015625 0.140625 0.033203125 0.1123046875
3 0.6220703125 0.4892578125 0.154296875 0.185546875
3 0.9775390625 0.943359375 0.044921875 0.109375
3 0.7138671875 0.98046875 0.126953125 0.0390625
3 0.7021484375 0.576171875 0.1044921875 0.111328125
1 0.0791015625 0.9541015625 0.15625 0.091796875
3 0.2724609375 0.6865234375 0.1044921875 0.0908203125
3 0.37890625 0.01953125 0.1298828125 0.0390625
3 0.509765625 0.98046875 0.103515625 0.0390625
3 0.0458984375 0.541015625 0.0908203125 0.0986328125
3 0.2607421875 0.630859375 0.1298828125 0.1142578125
3 0.853515625 0.67578125 0.083984375 0.0986328125
3 0.0107421875 0.8310546875 0.0205078125 0.109375
3 0.423828125 0.103515625 0.060546875 0.052734375
3 0.822265625 0.23046875 0.1015625 0.072265625
1 0.5283203125 0.1005859375 0.1376953125 0.1357421875
3 0.630859375 0.4931640625 0.125 0.1142578125
1 0.8330078125 0.134765625 0.083984375 0.083984375
3 0.802734375 0.64453125 0.095703125 0.099609375
3 0.611328125 0.443359375 0.125 0.1044921875
3 0.8017578125 0.2333984375 0.056640625 0.0595703125
3 0.978515625 0.009765625 0.0419921875 0.017578125
3 0.4423828125 0.009765625 0.0830078125 0.0185546875
3 0.8251953125 0.826171875 0.2158203125 0.2080078125