3 0.8232421875 0.2861328125 0.171875 0.166015625
3 0.7236328125 0.3681640625 0.1640625 0.15625
3 0.3623046875 0.923828125 0.154296875 0.1513671875
3 0.130859375 0.78125 0.1357421875 0.134765625
3 0.056640625 0.1953125 0.11328125 0.13671875
3 0.248046875 0.724609375 0.15625 0.1611328125
3 0.041015625 0.41015625 0.0810546875 0.162109375
3 0.736328125 0.1455078125 0.2001953125 0.1982421875
3 0.4794921875 0.8603515625 0.154296875 0.1533203125
3 0.5810546875 0.9482421875 0.1611328125 0.1015625
3 0.626953125 0.2568359375 0.1689453125 0.1767578125
3 0.3583984375 0.169921875 0.1767578125 0.171875
3 0.6123046875 0.4599609375 0.1826171875 0.193359375
3 0.244140625 0.0693359375 0.15625 0.138671875
3 0.9111328125 0.208984375 0.130859375 0.1279296875
3 0.357421875 0.6513671875 0.173828125 0.169921875
3 0.6884765625 0.8916015625 0.171875 0.1767578125
3 0.9814453125 0.03125 0.037109375 0.0625
3 0.451171875 0.6005859375 0.1298828125 0.15625
3 0.1513671875 0.330078125 0.177734375 0.1923828125
3 0.34375 0.494140625 0.2060546875 0.2001953125
3 0.203125 0.57421875 0.1767578125 0.1845703125
0 0.83203125 0.708984375 0.3359375 0.4345703125
3 0.2353515625 0.953125 0.138671875 0.09375
3 0.9345703125 0.486328125 0.130859375 0.142578125
2 0.935546875 0.6220703125 0.1279296875 0.1875
3 0.5205078125 0.3525390625 0.171875 0.1767578125
3 0.4580078125 0.087890625 0.193359375 0.17578125
1 0.4638671875 0.08984375 0.203125 0.1796875
3 0.595703125 0.017578125 0.1123046875 0.0341796875
3 0.880859375 0.0400390625 0.1748046875 0.080078125
3 0.23046875 0.2255859375 0.123046875 0.1328125
3 0.078125 0.626953125 0.150390625 0.1435546875
3 0.587890625 0.7900390625 0.1591796875 0.169921875
3 0.4326171875 0.9814453125 0.111328125 0.037109375
1 0.587890625 0.7900390625 0.15625 0.171875
3 0.9091796875 0.017578125 0.119140625 0.0341796875
3 0.9638671875 0.419921875 0.072265625 0.1640625
2 0.3603515625 0.1728515625 0.1767578125 0.1669921875
3 0.978515625 0.119140625 0.0419921875 0.1220703125
1 0.3515625 0.033203125 0.138671875 0.0654296875
3 0.3515625 0.033203125 0.1484375 0.0654296875
3 0.9345703125 0.625 0.130859375 0.185546875
3 0.03515625 0.955078125 0.0703125 0.0859375
3 0.470703125 0.6337890625 0.078125 0.0830078125
3 0.93359375 0.845703125 0.1328125 0.1484375
3 0.8525390625 0.544921875 0.1640625 0.1591796875
3 0.986328125 0.92578125 0.0263671875 0.146484375
0 0.880859375 0.521484375 0.2373046875 0.388671875
2 0.9677734375 0.9267578125 0.060546875 0.146484375
3 0.751953125 0.626953125 0.150390625 0.1455078125
3 0.04296875 0.009765625 0.0859375 0.01953125
3 0.8369140625 0.017578125 0.1064453125 0.0341796875