3 0.552734375 0.068359375 0.1298828125 0.1201171875
3 0.4921875 0.505859375 0.146484375 0.1484375
3 0.080078125 0.923828125 0.1357421875 0.1357421875
3 0.080078125 0.052734375 0.134765625 0.103515625
3 0.146484375 0.861328125 0.1298828125 0.1298828125
3 0.0478515625 0.111328125 0.09375 0.1298828125
3 0.837890625 0.5986328125 0.138671875 0.1435546875
3 0.625 0.34765625 0.1484375 0.140625
3 0.9443359375 0.1064453125 0.111328125 0.125
3 0.7529296875 0.134765625 0.1298828125 0.125
3 0.349609375 0.689453125 0.1611328125 0.171875
3 0.716796875 0.208984375 0.125 0.1171875
3 0.1767578125 0.255859375 0.1435546875 0.1435546875
3 0.8046875 0.064453125 0.138671875 0.1201171875
3 0.912109375 0.181640625 0.173828125 0.1455078125
3 0.24609375 0.173828125 0.1279296875 0.125
3 0.060546875 0.4228515625 0.1201171875 0.134765625
3 0.833984375 0.3212890625 0.130859375 0.119140625
3 0.89453125 0.6552734375 0.1455078125 0.150390625
3 0.20703125 0.8037109375 0.119140625 0.119140625
3 0.322265625 0.359375 0.1953125 0.1669921875
3 0.033203125 0.9541015625 0.06640625 0.091796875
3 0.2802734375 0.759765625 0.1279296875 0.126953125
3 0.185546875 0.541015625 0.166015625 0.1611328125
3 0.12109375 0.615234375 0.1044921875 0.1044921875
3 0.947265625 0.90625 0.1015625 0.1015625
3 0.8857421875 0.2626953125 0.115234375 0.1123046875
3 0.298828125 0.1064453125 0.1328125 0.123046875
3 0.556640625 0.5751953125 0.1220703125 0.1201171875
3 0.748046875 0.751953125 0.1171875 0.115234375
3 0.681640625 0.28125 0.1533203125 0.1279296875
1 0.4658203125 0.791015625 0.1513671875 0.140625
3 0.953125 0.6904296875 0.091796875 0.1201171875
3 0.744140625 0.5107421875 0.150390625 0.1044921875
3 0.9755859375 0.044921875 0.048828125 0.08984375
3 0.646484375 0.6025390625 0.140625 0.1435546875
3 0.8046875 0.701171875 0.0751953125 0.0732421875
3 0.384765625 0.052734375 0.17578125 0.10546875
3 0.8330078125 0.021484375 0.130859375 0.04296875
3 0.0361328125 0.49609375 0.072265625 0.154296875
3 0.783203125 0.40625 0.0966796875 0.1044921875
3 0.3974609375 0.291015625 0.1435546875 0.134765625
3 0.134765625 0.0185546875 0.1279296875 0.037109375
3 0.6904296875 0.6796875 0.1064453125 0.107421875
3 0.4140625 0.861328125 0.0986328125 0.0986328125
3 0.2802734375 0.95703125 0.1201171875 0.0859375
3 0.501953125 0.1455078125 0.1298828125 0.115234375
3 0.349609375 0.935546875 0.095703125 0.095703125
3 0.884765625 0.84765625 0.1201171875 0.1171875
1 0.455078125 0.22265625 0.126953125 0.1123046875
3 0.671875 0.9306640625 0.1875 0.138671875
3 0.587890625 0.0205078125 0.1123046875 0.041015625
3 0.048828125 0.66796875 0.09765625 0.10546875
3 0.9775390625 0.76171875 0.044921875 0.138671875
3 0.96875 0.9501953125 0.0625 0.0986328125
3 0.0185546875 0.716796875 0.037109375 0.1279296875
3 0.814453125 0.796875 0.107421875 0.1015625
3 0.984375 0.4599609375 0.03125 0.126953125
3 0.2041015625 0.974609375 0.109375 0.0498046875
1 0.396484375 0.291015625 0.142578125 0.1328125
1 0.3671875 0.8291015625 0.091796875 0.080078125
3 0.5478515625 0.4052734375 0.099609375 0.0986328125
3 0.865234375 0.1708984375 0.072265625 0.080078125
3 0.4072265625 0.017578125 0.138671875 0.03515625
3 0.0126953125 0.37109375 0.025390625 0.1376953125
3 0.587890625 0.6640625 0.0908203125 0.0859375
3 0.2744140625 0.9853515625 0.111328125 0.029296875
3 0.17578125 0.947265625 0.037109375 0.037109375
3 0.923828125 0.796875 0.0859375 0.0751953125
3 0.2041015625 0.986328125 0.1220703125 0.0263671875
3 0.6181640625 0.9853515625 0.119140625 0.029296875
3 0.005859375 0.5693359375 0.01171875 0.091796875
3 0.8564453125 0.7529296875 0.080078125 0.0751953125