3 0.916015625 0.9365234375 0.1279296875 0.1220703125
3 0.4814453125 0.830078125 0.109375 0.111328125
3 0.31640625 0.71484375 0.125 0.1171875
3 0.38671875 0.951171875 0.1376953125 0.095703125
3 0.3701171875 0.6484375 0.1142578125 0.1123046875
3 0.4443359375 0.5009765625 0.15625 0.130859375
3 0.0517578125 0.7421875 0.099609375 0.1064453125
3 0.58203125 0.6826171875 0.1044921875 0.1015625
3 0.705078125 0.8759765625 0.134765625 0.126953125
3 0.556640625 0.7724609375 0.162109375 0.1533203125
3 0.9462890625 0.8681640625 0.107421875 0.134765625
3 0.6796875 0.5390625 0.1015625 0.1064453125
3 0.6484375 0.9521484375 0.09375 0.0888671875
1 0.869140625 0.671875 0.134765625 0.1357421875
3 0.201171875 0.5263671875 0.1171875 0.1171875
3 0.755859375 0.802734375 0.099609375 0.099609375
3 0.630859375 0.623046875 0.1171875 0.0986328125
3 0.4306640625 0.8935546875 0.099609375 0.1064453125
3 0.2744140625 0.787109375 0.1015625 0.1044921875
3 0.677734375 0.7734375 0.0546875 0.0595703125
2 0.162109375 0.224609375 0.283203125 0.306640625
3 0.15234375 0.583984375 0.095703125 0.0859375
3 0.7451171875 0.6171875 0.0595703125 0.0595703125
3 0.0322265625 0.8017578125 0.0625 0.09375
3 0.2060546875 0.8544921875 0.140625 0.1279296875
3 0.9765625 0.798828125 0.046875 0.1123046875
3 0.0615234375 0.3935546875 0.123046875 0.138671875
3 0.79296875 0.650390625 0.0703125 0.064453125
3 0.208984375 0.642578125 0.095703125 0.1015625
3 0.2998046875 0.3896484375 0.1279296875 0.1220703125
3 0.791015625 0.7294921875 0.171875 0.1533203125
3 0.169921875 0.935546875 0.115234375 0.119140625
3 0.421875 0.578125 0.087890625 0.095703125
3 0.8662109375 0.9775390625 0.1357421875 0.044921875
3 0.251953125 0.44921875 0.1298828125 0.123046875
3 0.3251953125 0.9853515625 0.103515625 0.029296875
3 0.103515625 0.6748046875 0.1279296875 0.1298828125
3 0.0126953125 0.7021484375 0.025390625 0.0888671875
3 0.541015625 0.4326171875 0.1328125 0.126953125
3 0.5927734375 0.9892578125 0.1279296875 0.0205078125
1 0.5400390625 0.4345703125 0.134765625 0.1298828125
2 0.0615234375 0.3935546875 0.1220703125 0.140625
3 0.03125 0.466796875 0.0625 0.1298828125
2 0.3447265625 0.3203125 0.0908203125 0.0859375
2 0.9140625 0.048828125 0.169921875 0.095703125
1 0.4638671875 0.3720703125 0.0751953125 0.083984375
3 0.7607421875 0.705078125 0.09375 0.0966796875
3 0.3564453125 0.298828125 0.1201171875 0.1376953125
3 0.646484375 0.716796875 0.095703125 0.0908203125
2 0.3564453125 0.30078125 0.1201171875 0.142578125
3 0.138671875 0.6865234375 0.052734375 0.0546875
1 0.25390625 0.44921875 0.1220703125 0.1201171875