2 0.798828125 0.7646484375 0.1279296875 0.1171875
2 0.150390625 0.4755859375 0.1796875 0.2314453125
2 0.052734375 0.5322265625 0.1044921875 0.234375
2 0.92578125 0.712890625 0.1484375 0.208984375
2 0.0556640625 0.94140625 0.109375 0.115234375
0 0.671875 0.2431640625 0.4814453125 0.484375
2 0.177734375 0.0537109375 0.091796875 0.078125
2 0.9501953125 0.115234375 0.0986328125 0.1220703125
2 0.0849609375 0.7763671875 0.138671875 0.2158203125
2 0.1337890625 0.33203125 0.267578125 0.197265625
2 0.541015625 0.9755859375 0.109375 0.048828125
0 0.677734375 0.6552734375 0.314453125 0.359375
2 0.673828125 0.798828125 0.126953125 0.09375
2 0.28515625 0.744140625 0.0859375 0.0751953125
3 0.9697265625 0.1884765625 0.060546875 0.099609375
2 0.8974609375 0.4638671875 0.150390625 0.1201171875
2 0.9462890625 0.517578125 0.107421875 0.109375
3 0.861328125 0.326171875 0.171875 0.1435546875
2 0.396484375 0.1015625 0.1201171875 0.1796875
2 0.28515625 0.4287109375 0.212890625 0.3203125
2 0.966796875 0.59375 0.064453125 0.083984375
2 0.8369140625 0.90234375 0.326171875 0.19140625
0 0.1142578125 0.07421875 0.228515625 0.142578125
2 0.4052734375 0.8095703125 0.2373046875 0.3173828125
0 0.341796875 0.8251953125 0.376953125 0.349609375
3 0.8994140625 0.466796875 0.1513671875 0.115234375
2 0.1982421875 0.4091796875 0.396484375 0.3671875
3 0.9501953125 0.115234375 0.0986328125 0.126953125
2 0.8623046875 0.326171875 0.171875 0.142578125
2 0.732421875 0.794921875 0.244140625 0.1064453125
2 0.923828125 0.0458984375 0.1513671875 0.091796875
2 0.2587890625 0.9462890625 0.150390625 0.107421875
2 0.201171875 0.6650390625 0.2109375 0.140625
3 0.947265625 0.521484375 0.1044921875 0.0986328125
1 0.75 0.52734375 0.0810546875 0.0810546875
0 0.640625 0.599609375 0.2451171875 0.2138671875
3 0.984375 0.279296875 0.03125 0.1376953125
2 0.1337890625 0.18359375 0.267578125 0.208984375
0 0.751953125 0.15234375 0.3076171875 0.3046875
0 0.8369140625 0.9033203125 0.322265625 0.193359375
2 0.017578125 0.8232421875 0.03515625 0.095703125
2 0.0185546875 0.849609375 0.037109375 0.1796875
0 0.591796875 0.591796875 0.1435546875 0.1484375
0 0.91015625 0.646484375 0.1748046875 0.3544921875