3 0.6337890625 0.0595703125 0.171875 0.119140625
3 0.271484375 0.89453125 0.1328125 0.1357421875
3 0.455078125 0.6171875 0.162109375 0.140625
3 0.509765625 0.8359375 0.171875 0.1455078125
3 0.68359375 0.7509765625 0.15625 0.140625
3 0.2119140625 0.64453125 0.1376953125 0.1328125
3 0.892578125 0.1171875 0.15625 0.140625
3 0.4677734375 0.728515625 0.1484375 0.1376953125
3 0.6552734375 0.642578125 0.1455078125 0.1357421875
3 0.169921875 0.5302734375 0.1796875 0.138671875
3 0.775390625 0.2216796875 0.138671875 0.130859375
3 0.931640625 0.21875 0.1357421875 0.154296875
3 0.169921875 0.0556640625 0.162109375 0.111328125
3 0.2626953125 0.091796875 0.1533203125 0.15625
3 0.0654296875 0.765625 0.1279296875 0.126953125
3 0.6064453125 0.5322265625 0.1513671875 0.146484375
3 0.373046875 0.4033203125 0.15625 0.154296875
3 0.525390625 0.3203125 0.15625 0.1533203125
3 0.892578125 0.5498046875 0.1796875 0.162109375
3 0.705078125 0.857421875 0.1220703125 0.126953125
3 0.42578125 0.5029296875 0.1748046875 0.1484375
3 0.0810546875 0.892578125 0.146484375 0.134765625
3 0.822265625 0.048828125 0.173828125 0.0966796875
3 0.5498046875 0.94140625 0.166015625 0.115234375
3 0.572265625 0.4267578125 0.1328125 0.130859375
3 0.853515625 0.451171875 0.171875 0.1611328125
3 0.9580078125 0.326171875 0.0830078125 0.150390625
3 0.240234375 0.7734375 0.1484375 0.1435546875
3 0.7158203125 0.115234375 0.158203125 0.1767578125
3 0.3037109375 0.302734375 0.1513671875 0.169921875
3 0.0439453125 0.654296875 0.087890625 0.1142578125
3 0.365234375 0.1513671875 0.158203125 0.1513671875
3 0.201171875 0.2451171875 0.1376953125 0.138671875
3 0.45703125 0.2197265625 0.15625 0.150390625
3 0.9189453125 0.666015625 0.162109375 0.171875
3 0.298828125 0.9736328125 0.126953125 0.052734375
3 0.064453125 0.9775390625 0.107421875 0.044921875
3 0.0322265625 0.51171875 0.0625 0.171875
3 0.9814453125 0.43359375 0.037109375 0.16796875
3 0.5146484375 0.0234375 0.15625 0.044921875
3 0.076171875 0.189453125 0.109375 0.1611328125
1 0.076171875 0.189453125 0.1064453125 0.1611328125
3 0.8134765625 0.3330078125 0.1982421875 0.158203125
3 0.86328125 0.3134765625 0.087890625 0.1123046875
3 0.021484375 0.3154296875 0.04296875 0.107421875
3 0.08203125 0.017578125 0.1640625 0.033203125
1 0.548828125 0.9404296875 0.171875 0.119140625
3 0.2626953125 0.3916015625 0.072265625 0.0703125
3 0.0078125 0.2197265625 0.015625 0.111328125
3 0.083984375 0.1435546875 0.060546875 0.0546875