3 0.666015625 0.642578125 0.158203125 0.1591796875
3 0.865234375 0.767578125 0.1611328125 0.150390625
3 0.744140625 0.4443359375 0.203125 0.203125
3 0.111328125 0.591796875 0.171875 0.1611328125
3 0.9794921875 0.744140625 0.041015625 0.1376953125
3 0.119140625 0.791015625 0.23828125 0.1875
3 0.513671875 0.888671875 0.203125 0.2060546875
3 0.8916015625 0.9658203125 0.205078125 0.068359375
3 0.91796875 0.4580078125 0.1279296875 0.138671875
3 0.4560546875 0.3134765625 0.1923828125 0.2001953125
1 0.3916015625 0.5439453125 0.142578125 0.1796875
3 0.2978515625 0.091796875 0.201171875 0.18359375
3 0.033203125 0.265625 0.0654296875 0.205078125
3 0.591796875 0.1865234375 0.21875 0.216796875
3 0.951171875 0.2666015625 0.0673828125 0.0654296875
1 0.302734375 0.9775390625 0.134765625 0.044921875
3 0.3916015625 0.5439453125 0.1435546875 0.1796875
3 0.4345703125 0.7412109375 0.1904296875 0.2001953125
3 0.169921875 0.2197265625 0.2763671875 0.302734375
3 0.7421875 0.0830078125 0.234375 0.166015625
3 0.984375 0.458984375 0.03125 0.1376953125
2 0.302734375 0.0927734375 0.205078125 0.185546875
1 0.7412109375 0.080078125 0.232421875 0.1591796875
3 0.8955078125 0.1767578125 0.208984375 0.248046875
3 0.1748046875 0.7890625 0.125 0.169921875
3 0.7109375 0.9853515625 0.115234375 0.0283203125
3 0.8876953125 0.9892578125 0.201171875 0.021484375
3 0.4150390625 0.0302734375 0.1767578125 0.060546875
2 0.7431640625 0.08203125 0.2314453125 0.1640625
3 0.93359375 0.1689453125 0.1328125 0.173828125
3 0.599609375 0.546875 0.099609375 0.095703125