3 0.5068359375 0.0830078125 0.140625 0.130859375
3 0.2802734375 0.337890625 0.1376953125 0.138671875
3 0.3720703125 0.615234375 0.146484375 0.140625
3 0.232421875 0.1689453125 0.142578125 0.146484375
2 0.9375 0.962890625 0.125 0.072265625
3 0.5654296875 0.044921875 0.123046875 0.08984375
3 0.4208984375 0.5419921875 0.1279296875 0.1220703125
3 0.1513671875 0.4814453125 0.1455078125 0.1435546875
3 0.5224609375 0.408203125 0.099609375 0.0986328125
3 0.0478515625 0.54296875 0.09375 0.1484375
3 0.478515625 0.478515625 0.1220703125 0.126953125
3 0.1015625 0.2119140625 0.126953125 0.138671875
3 0.302734375 0.662109375 0.095703125 0.0966796875
3 0.228515625 0.4169921875 0.130859375 0.1298828125
3 0.462890625 0.1669921875 0.0966796875 0.0966796875
2 0.6259765625 0.615234375 0.1328125 0.126953125
3 0.208984375 0.7978515625 0.142578125 0.140625
2 0.349609375 0.8740234375 0.2158203125 0.2158203125
2 0.505859375 0.7353515625 0.1123046875 0.111328125
3 0.5791015625 0.34375 0.1015625 0.099609375
3 0.146484375 0.8623046875 0.130859375 0.1279296875
3 0.09375 0.923828125 0.138671875 0.1357421875
3 0.265625 0.73046875 0.138671875 0.1298828125
2 0.8759765625 0.27734375 0.154296875 0.150390625
3 0.634765625 0.29296875 0.1044921875 0.103515625
3 0.2509765625 0.0341796875 0.107421875 0.0673828125
3 0.8017578125 0.1005859375 0.111328125 0.109375
3 0.36328125 0.0625 0.078125 0.078125
3 0.744140625 0.16015625 0.1123046875 0.1123046875
3 0.333984375 0.021484375 0.09375 0.0419921875
3 0.080078125 0.6201171875 0.109375 0.111328125
0 0.955078125 0.10546875 0.0888671875 0.205078125
3 0.330078125 0.2763671875 0.1328125 0.142578125
3 0.625 0.0146484375 0.1376953125 0.029296875
2 0.7197265625 0.478515625 0.1298828125 0.1279296875
2 0.927734375 0.212890625 0.142578125 0.1357421875
3 0.029296875 0.435546875 0.0576171875 0.138671875
3 0.396484375 0.216796875 0.1328125 0.154296875
2 0.8291015625 0.310546875 0.3310546875 0.3388671875
3 0.859375 0.0380859375 0.107421875 0.076171875
3 0.533203125 0.6494140625 0.1435546875 0.1455078125
3 0.015625 0.0908203125 0.029296875 0.126953125
2 0.984375 0.8515625 0.03125 0.111328125
3 0.04296875 0.978515625 0.0859375 0.0419921875
2 0.533203125 0.650390625 0.1484375 0.1484375
3 0.7177734375 0.1982421875 0.1689453125 0.1904296875
3 0.884765625 0.060546875 0.162109375 0.1201171875
3 0.2392578125 0.9814453125 0.123046875 0.037109375
2 0.9541015625 0.1083984375 0.091796875 0.205078125
3 0.716796875 0.4765625 0.125 0.125
3 0.365234375 0.2412109375 0.208984375 0.212890625
2 0.783203125 0.3642578125 0.220703125 0.228515625
2 0.67578125 0.5009765625 0.220703125 0.2109375
1 0.6630859375 0.4287109375 0.0732421875 0.0810546875
3 0.982421875 0.044921875 0.033203125 0.080078125
2 0.482421875 0.7646484375 0.1669921875 0.1845703125
3 0.314453125 0.076171875 0.0390625 0.044921875
2 0.08203125 0.62109375 0.111328125 0.111328125