2 0.23046875 0.5244140625 0.1376953125 0.1435546875
3 0.9423828125 0.2509765625 0.115234375 0.126953125
3 0.7783203125 0.275390625 0.1201171875 0.1376953125
3 0.7431640625 0.1728515625 0.142578125 0.1376953125
3 0.388671875 0.7646484375 0.125 0.125
1 0.91796875 0.48828125 0.0751953125 0.064453125
3 0.146484375 0.8681640625 0.142578125 0.1376953125
2 0.181640625 0.2412109375 0.138671875 0.1435546875
1 0.5947265625 0.2236328125 0.099609375 0.1015625
3 0.966796875 0.5791015625 0.0654296875 0.0703125
3 0.2978515625 0.8583984375 0.109375 0.1064453125
3 0.2490234375 0.7001953125 0.130859375 0.125
0 0.244140625 0.0908203125 0.162109375 0.181640625
3 0.9404296875 0.0654296875 0.119140625 0.125
3 0.4208984375 0.662109375 0.076171875 0.078125
0 0.517578125 0.4384765625 0.193359375 0.154296875
1 0.06640625 0.3623046875 0.1123046875 0.126953125
1 0.939453125 0.0634765625 0.1201171875 0.125
1 0.8447265625 0.396484375 0.1298828125 0.119140625
1 0.0322265625 0.234375 0.0625 0.0810546875
3 0.845703125 0.3994140625 0.125 0.1123046875
3 0.349609375 0.568359375 0.126953125 0.1533203125
3 0.708984375 0.943359375 0.1220703125 0.111328125
3 0.6904296875 0.0498046875 0.1611328125 0.099609375
2 0.7080078125 0.943359375 0.1201171875 0.1123046875
1 0.3466796875 0.568359375 0.130859375 0.154296875
3 0.845703125 0.533203125 0.0888671875 0.103515625
1 0.9833984375 0.466796875 0.033203125 0.1171875
1 0.548828125 0.435546875 0.134765625 0.1455078125
1 0.880859375 0.517578125 0.1689453125 0.1455078125
2 0.3466796875 0.568359375 0.1279296875 0.1533203125
2 0.3642578125 0.021484375 0.158203125 0.04296875
0 0.0673828125 0.36328125 0.119140625 0.1279296875
0 0.0341796875 0.0986328125 0.068359375 0.1953125
3 0.185546875 0.7861328125 0.0703125 0.044921875
3 0.931640625 0.677734375 0.0517578125 0.0517578125