1 0.8251953125 0.580078125 0.1845703125 0.1533203125
2 0.3857421875 0.9794921875 0.091796875 0.041015625
1 0.357421875 0.0615234375 0.201171875 0.123046875
0 0.859375 0.2578125 0.28125 0.515625
1 0.91015625 0.8525390625 0.09375 0.119140625
0 0.603515625 0.2900390625 0.4033203125 0.453125
3 0.677734375 0.826171875 0.1455078125 0.171875
0 0.2109375 0.345703125 0.421875 0.4033203125
0 0.5546875 0.669921875 0.427734375 0.265625
1 0.35546875 0.45703125 0.1201171875 0.150390625
3 0.275390625 0.431640625 0.0703125 0.15625
0 0.794921875 0.8251953125 0.390625 0.349609375
0 0.2265625 0.103515625 0.453125 0.203125
3 0.796875 0.7861328125 0.095703125 0.1533203125
1 0.599609375 0.4287109375 0.1298828125 0.130859375
3 0.326171875 0.240234375 0.1376953125 0.1796875
1 0.904296875 0.7119140625 0.109375 0.1142578125
3 0.6591796875 0.1591796875 0.1298828125 0.169921875
3 0.5078125 0.2021484375 0.201171875 0.2158203125
0 0.5390625 0.896484375 0.2216796875 0.201171875
3 0.9697265625 0.8779296875 0.060546875 0.126953125
1 0.326171875 0.2392578125 0.138671875 0.1767578125
3 0.990234375 0.6923828125 0.017578125 0.158203125
0 0.134765625 0.8583984375 0.25 0.28125