1 0.736328125 0.08203125 0.126953125 0.134765625
3 0.5224609375 0.591796875 0.0625 0.072265625
3 0.8037109375 0.552734375 0.080078125 0.0830078125
1 0.4482421875 0.63671875 0.1123046875 0.111328125
3 0.94140625 0.5625 0.1171875 0.123046875
3 0.4140625 0.55078125 0.0654296875 0.0654296875
1 0.09765625 0.7666015625 0.1669921875 0.1748046875
1 0.6455078125 0.6591796875 0.107421875 0.1015625
3 0.4501953125 0.6376953125 0.107421875 0.109375
1 0.9638671875 0.126953125 0.072265625 0.1142578125
1 0.5771484375 0.7197265625 0.064453125 0.0625
1 0.8115234375 0.025390625 0.103515625 0.05078125
0 0.095703125 0.7666015625 0.1669921875 0.1767578125
0 0.4921875 0.435546875 0.109375 0.2216796875
3 0.814453125 0.025390625 0.1015625 0.05078125
3 0.3310546875 0.396484375 0.0625 0.060546875
1 0.17578125 0.6435546875 0.0361328125 0.046875
1 0.3310546875 0.396484375 0.0625 0.060546875
1 0.6689453125 0.642578125 0.0546875 0.056640625
1 0.94140625 0.0107421875 0.095703125 0.021484375
1 0.6572265625 0.09765625 0.0498046875 0.072265625
3 0.029296875 0.8564453125 0.05859375 0.091796875
3 0.6669921875 0.642578125 0.0546875 0.0546875