3 0.3603515625 0.58203125 0.185546875 0.1455078125
3 0.3427734375 0.3798828125 0.189453125 0.1220703125
3 0.259765625 0.0751953125 0.1435546875 0.1435546875
3 0.884765625 0.0849609375 0.2138671875 0.169921875
3 0.71875 0.2666015625 0.1455078125 0.166015625
3 0.884765625 0.580078125 0.0908203125 0.1767578125
3 0.0390625 0.32421875 0.078125 0.123046875
3 0.685546875 0.0888671875 0.1796875 0.177734375
3 0.3125 0.236328125 0.1533203125 0.1328125
3 0.2431640625 0.5673828125 0.0625 0.0751953125
1 0.041015625 0.0498046875 0.08203125 0.099609375
3 0.515625 0.0654296875 0.1435546875 0.130859375
3 0.3984375 0.0986328125 0.0576171875 0.0419921875
1 0.310546875 0.2392578125 0.1533203125 0.134765625
1 0.7158203125 0.263671875 0.1455078125 0.173828125
3 0.888671875 0.263671875 0.173828125 0.169921875
3 0.9912109375 0.30859375 0.015625 0.138671875
2 0.9677734375 0.9140625 0.064453125 0.09375
0 0.521484375 0.943359375 0.130859375 0.111328125
3 0.580078125 0.2509765625 0.09375 0.1435546875
3 0.041015625 0.0517578125 0.08203125 0.103515625
3 0.5341796875 0.25 0.1875 0.1455078125
1 0.517578125 0.0654296875 0.138671875 0.130859375
3 0.744140625 0.576171875 0.173828125 0.173828125
3 0.966796875 0.9130859375 0.0654296875 0.095703125
3 0.4775390625 0.337890625 0.0595703125 0.046875
3 0.5078125 0.2509765625 0.0830078125 0.130859375
3 0.544921875 0.9443359375 0.072265625 0.109375
3 0.564453125 0.361328125 0.0498046875 0.078125
2 0.7509765625 0.943359375 0.0888671875 0.109375