1 0.400390625 0.396484375 0.1611328125 0.140625
3 0.0537109375 0.693359375 0.107421875 0.1171875
3 0.4228515625 0.546875 0.0859375 0.099609375
3 0.1982421875 0.548828125 0.103515625 0.0888671875
1 0.0849609375 0.416015625 0.1357421875 0.09375
3 0.3896484375 0.6787109375 0.0908203125 0.0830078125
1 0.744140625 0.60546875 0.150390625 0.140625
1 0.5615234375 0.51171875 0.1015625 0.0830078125
1 0.896484375 0.7041015625 0.0625 0.0576171875
1 0.52734375 0.9296875 0.125 0.1201171875
3 0.0849609375 0.416015625 0.1376953125 0.09375
1 0.4013671875 0.7744140625 0.060546875 0.0595703125
1 0.5908203125 0.529296875 0.169921875 0.1455078125
1 0.3857421875 0.67578125 0.099609375 0.0908203125