3 0.6904296875 0.5595703125 0.166015625 0.15625
3 0.625 0.396484375 0.150390625 0.140625
3 0.94140625 0.95703125 0.115234375 0.083984375
3 0.7333984375 0.2421875 0.103515625 0.0888671875
3 0.755859375 0.498046875 0.125 0.1201171875
3 0.884765625 0.7197265625 0.1279296875 0.125
3 0.2119140625 0.9306640625 0.1220703125 0.1376953125
3 0.447265625 0.2626953125 0.109375 0.1044921875
3 0.4736328125 0.1728515625 0.1455078125 0.1357421875
3 0.6259765625 0.640625 0.1220703125 0.1201171875
3 0.4462890625 0.6162109375 0.154296875 0.140625
3 0.822265625 0.427734375 0.1142578125 0.103515625
3 0.921875 0.2939453125 0.111328125 0.1142578125
3 0.3955078125 0.9599609375 0.1357421875 0.080078125
3 0.46484375 0.861328125 0.162109375 0.1591796875
3 0.6064453125 0.0458984375 0.1171875 0.091796875
3 0.044921875 0.482421875 0.08984375 0.125
3 0.685546875 0.31640625 0.1591796875 0.1591796875
3 0.1796875 0.7744140625 0.1220703125 0.154296875
3 0.095703125 0.73828125 0.125 0.1357421875
3 0.29296875 0.951171875 0.1123046875 0.095703125
3 0.0537109375 0.876953125 0.1064453125 0.1611328125
3 0.255859375 0.224609375 0.146484375 0.125
3 0.9560546875 0.224609375 0.087890625 0.142578125
3 0.888671875 0.36328125 0.0966796875 0.095703125
3 0.9775390625 0.8037109375 0.044921875 0.1064453125
3 0.833984375 0.7958984375 0.1376953125 0.140625
3 0.1240234375 0.91015625 0.1123046875 0.1533203125
3 0.412109375 0.033203125 0.1279296875 0.0654296875
3 0.3173828125 0.373046875 0.138671875 0.154296875
3 0.55859375 0.091796875 0.1298828125 0.1435546875
3 0.7666015625 0.853515625 0.123046875 0.1328125
3 0.5068359375 0.52734375 0.111328125 0.115234375
3 0.3896484375 0.3193359375 0.0966796875 0.1015625
3 0.6953125 0.9296875 0.193359375 0.140625
3 0.5576171875 0.4541015625 0.099609375 0.107421875
3 0.1376953125 0.33984375 0.1142578125 0.109375
3 0.830078125 0.150390625 0.208984375 0.212890625
3 0.9716796875 0.125 0.056640625 0.1220703125
3 0.2099609375 0.529296875 0.1435546875 0.134765625
3 0.033203125 0.1376953125 0.06640625 0.126953125
3 0.2783203125 0.4658203125 0.1142578125 0.1142578125
3 0.9638671875 0.5673828125 0.0703125 0.1201171875
3 0.26953125 0.78515625 0.123046875 0.146484375
3 0.3017578125 0.130859375 0.103515625 0.103515625
3 0.029296875 0.0390625 0.0576171875 0.078125
3 0.9404296875 0.603515625 0.119140625 0.203125
3 0.181640625 0.28515625 0.095703125 0.1015625
3 0.7861328125 0.162109375 0.115234375 0.115234375
3 0.033203125 0.6962890625 0.06640625 0.142578125
3 0.091796875 0.41015625 0.119140625 0.107421875
3 0.080078125 0.072265625 0.130859375 0.1328125
3 0.9814453125 0.9208984375 0.037109375 0.1455078125
3 0.90234375 0.0400390625 0.115234375 0.078125
3 0.345703125 0.8271484375 0.1455078125 0.1826171875
3 0.8359375 0.1005859375 0.1142578125 0.1044921875
3 0.119140625 0.0283203125 0.123046875 0.056640625
3 0.673828125 0.009765625 0.1298828125 0.017578125
3 0.8828125 0.9345703125 0.09375 0.0888671875
3 0.9150390625 0.814453125 0.060546875 0.0595703125
1 0.029296875 0.0390625 0.056640625 0.076171875
3 0.4921875 0.0087890625 0.1064453125 0.015625
3 0.9912109375 0.505859375 0.017578125 0.1171875
3 0.36328125 0.0732421875 0.126953125 0.107421875
3 0.67578125 0.0146484375 0.1591796875 0.029296875