3 0.060546875 0.8876953125 0.1201171875 0.1748046875
3 0.8740234375 0.9052734375 0.234375 0.189453125
3 0.046875 0.5380859375 0.09375 0.1591796875
3 0.884765625 0.583984375 0.2294921875 0.220703125
3 0.9580078125 0.8369140625 0.083984375 0.224609375
3 0.671875 0.4326171875 0.216796875 0.2236328125
3 0.4853515625 0.4873046875 0.212890625 0.201171875
3 0.740234375 0.650390625 0.1533203125 0.1455078125
3 0.181640625 0.7509765625 0.2294921875 0.228515625
3 0.3310546875 0.640625 0.2216796875 0.21875
3 0.7001953125 0.095703125 0.2607421875 0.1826171875
3 0.427734375 0.9169921875 0.228515625 0.166015625
3 0.13671875 0.4296875 0.2080078125 0.212890625
3 0.2861328125 0.2900390625 0.2109375 0.203125
2 0.283203125 0.287109375 0.2109375 0.2080078125
3 0.560546875 0.8017578125 0.259765625 0.2314453125
3 0.73828125 0.970703125 0.0732421875 0.0576171875
2 0.486328125 0.4892578125 0.2158203125 0.205078125
3 0.962890625 0.35546875 0.072265625 0.0830078125
3 0.068359375 0.2275390625 0.0859375 0.080078125
3 0.16796875 0.4052734375 0.142578125 0.1533203125
3 0.748046875 0.1044921875 0.150390625 0.1279296875
0 0.244140625 0.6962890625 0.3955078125 0.333984375
1 0.1064453125 0.341796875 0.095703125 0.1064453125
3 0.529296875 0.59765625 0.0986328125 0.0888671875
3 0.931640625 0.30859375 0.103515625 0.1064453125
3 0.6806640625 0.1728515625 0.169921875 0.1064453125
0 0.556640625 0.7900390625 0.248046875 0.2470703125
3 0.810546875 0.46484375 0.0673828125 0.0625
2 0.0615234375 0.0732421875 0.123046875 0.146484375
3 0.2470703125 0.8427734375 0.115234375 0.125
3 0.8896484375 0.150390625 0.220703125 0.2548828125
0 0.0615234375 0.0751953125 0.1220703125 0.150390625
0 0.876953125 0.1923828125 0.2451171875 0.3466796875