1 0.6630859375 0.064453125 0.1064453125 0.0966796875
3 0.3505859375 0.0703125 0.091796875 0.0830078125
3 0.986328125 0.181640625 0.0263671875 0.115234375
1 0.8310546875 0.09375 0.1015625 0.103515625
3 0.9326171875 0.13671875 0.1328125 0.126953125
3 0.9853515625 0.791015625 0.0283203125 0.1171875
1 0.9658203125 0.056640625 0.068359375 0.0703125
1 0.6328125 0.05859375 0.1904296875 0.115234375
3 0.9853515625 0.697265625 0.029296875 0.1171875
1 0.9853515625 0.7001953125 0.029296875 0.125
3 0.6279296875 0.0576171875 0.189453125 0.115234375
3 0.8330078125 0.0947265625 0.0986328125 0.1015625