1 0.76171875 0.6875 0.0908203125 0.09375
3 0.25 0.9560546875 0.064453125 0.0859375
3 0.251953125 0.7607421875 0.072265625 0.091796875
3 0.3232421875 0.9423828125 0.0830078125 0.1142578125
3 0.1640625 0.955078125 0.072265625 0.087890625
3 0.755859375 0.9658203125 0.09375 0.064453125
3 0.9638671875 0.6513671875 0.0703125 0.0859375
3 0.330078125 0.7421875 0.083984375 0.1171875
3 0.4814453125 0.919921875 0.083984375 0.091796875
2 0.271484375 0.26953125 0.15625 0.171875
3 0.4921875 0.716796875 0.076171875 0.0986328125
2 0.412109375 0.1455078125 0.162109375 0.095703125
3 0.9248046875 0.927734375 0.0732421875 0.060546875
3 0.89453125 0.8271484375 0.0986328125 0.0830078125
1 0.0830078125 0.791015625 0.0751953125 0.080078125
1 0.576171875 0.6708984375 0.0986328125 0.115234375
1 0.404296875 0.92578125 0.078125 0.1015625
3 0.0224609375 0.7724609375 0.044921875 0.1015625
1 0.173828125 0.7451171875 0.060546875 0.064453125
3 0.0634765625 0.9775390625 0.083984375 0.044921875
3 0.869140625 0.662109375 0.0732421875 0.095703125
2 0.130859375 0.4169921875 0.21875 0.2216796875
1 0.818359375 0.970703125 0.046875 0.0546875
3 0.4072265625 0.73046875 0.099609375 0.119140625
3 0.576171875 0.673828125 0.0966796875 0.1171875
2 0.021484375 0.4775390625 0.04296875 0.123046875
1 0.685546875 0.6826171875 0.083984375 0.126953125
3 0.6259765625 0.763671875 0.033203125 0.033203125
3 0.1337890625 0.4345703125 0.220703125 0.1845703125
3 0.751953125 0.853515625 0.0673828125 0.0576171875
1 0.166015625 0.78125 0.087890625 0.1455078125
1 0.7763671875 0.9658203125 0.138671875 0.068359375
3 0.173828125 0.744140625 0.060546875 0.0654296875
3 0.9443359375 0.9853515625 0.111328125 0.029296875
1 0.40625 0.73046875 0.0966796875 0.1171875
3 0.6865234375 0.68359375 0.0810546875 0.119140625
3 0.623046875 0.955078125 0.0283203125 0.0625
3 0.404296875 0.9248046875 0.080078125 0.1015625
1 0.3720703125 0.650390625 0.052734375 0.0654296875