3 0.7919921875 0.330078125 0.1171875 0.130859375
1 0.4814453125 0.568359375 0.0966796875 0.095703125
3 0.849609375 0.951171875 0.107421875 0.0966796875
1 0.314453125 0.857421875 0.107421875 0.1015625
3 0.35546875 0.3388671875 0.1201171875 0.1220703125
3 0.9814453125 0.7060546875 0.037109375 0.091796875
3 0.73046875 0.56640625 0.1171875 0.107421875
1 0.3359375 0.939453125 0.1123046875 0.095703125
3 0.763671875 0.185546875 0.0859375 0.099609375
1 0.5078125 0.1943359375 0.1015625 0.1044921875
3 0.765625 0.78125 0.1044921875 0.1064453125
3 0.57421875 0.2783203125 0.130859375 0.1279296875
3 0.5751953125 0.421875 0.09375 0.1142578125
3 0.58203125 0.8251953125 0.140625 0.1328125
3 0.6728515625 0.205078125 0.078125 0.095703125
3 0.92578125 0.1259765625 0.0966796875 0.1142578125
3 0.908203125 0.732421875 0.0859375 0.107421875
1 0.3544921875 0.4365234375 0.1044921875 0.1015625
3 0.880859375 0.2763671875 0.0810546875 0.087890625
3 0.5166015625 0.6630859375 0.1201171875 0.1123046875
3 0.845703125 0.1455078125 0.091796875 0.1044921875
3 0.9599609375 0.29296875 0.080078125 0.107421875
3 0.9814453125 0.1044921875 0.037109375 0.109375
3 0.0771484375 0.947265625 0.1220703125 0.103515625
1 0.208984375 0.693359375 0.1044921875 0.0966796875
3 0.7099609375 0.376953125 0.0986328125 0.103515625
3 0.94921875 0.529296875 0.083984375 0.107421875
3 0.8544921875 0.5615234375 0.091796875 0.1015625
3 0.56640625 0.9580078125 0.125 0.083984375
3 0.748046875 0.9462890625 0.076171875 0.1044921875
3 0.4462890625 0.5 0.1044921875 0.1064453125
3 0.34375 0.6865234375 0.0966796875 0.0908203125
1 0.1015625 0.8046875 0.087890625 0.09375
3 0.984375 0.923828125 0.03125 0.146484375
3 0.728515625 0.673828125 0.1171875 0.09375
3 0.607421875 0.025390625 0.078125 0.05078125
1 0.728515625 0.6728515625 0.119140625 0.095703125
1 0.076171875 0.822265625 0.1513671875 0.1533203125
3 0.5576171875 0.755859375 0.0654296875 0.056640625
3 0.615234375 0.216796875 0.0390625 0.041015625
3 0.3671875 0.9892578125 0.111328125 0.0205078125
3 0.177734375 0.7939453125 0.09375 0.09375
3 0.419921875 0.0322265625 0.1435546875 0.064453125
1 0.4453125 0.5009765625 0.1064453125 0.1044921875
1 0.4619140625 0.5302734375 0.150390625 0.177734375
3 0.853515625 0.009765625 0.068359375 0.017578125
1 0.2822265625 0.142578125 0.048828125 0.0703125