3 0.1376953125 0.92578125 0.130859375 0.1201171875
3 0.8017578125 0.6708984375 0.1455078125 0.1484375
3 0.3994140625 0.390625 0.123046875 0.1279296875
3 0.6357421875 0.5556640625 0.138671875 0.140625
3 0.041015625 0.529296875 0.08203125 0.12890625
3 0.5888671875 0.0966796875 0.119140625 0.1142578125
3 0.515625 0.052734375 0.1328125 0.103515625
3 0.857421875 0.798828125 0.125 0.125
3 0.314453125 0.16796875 0.1171875 0.119140625
3 0.326171875 0.333984375 0.134765625 0.138671875
3 0.509765625 0.861328125 0.134765625 0.134765625
3 0.9248046875 0.6357421875 0.150390625 0.134765625
3 0.158203125 0.2265625 0.1171875 0.115234375
3 0.568359375 0.494140625 0.091796875 0.0859375
3 0.716796875 0.611328125 0.1376953125 0.1435546875
3 0.2587890625 0.267578125 0.126953125 0.1328125
3 0.9501953125 0.7197265625 0.099609375 0.119140625
3 0.4736328125 0.2861328125 0.1298828125 0.1357421875
3 0.7080078125 0.4521484375 0.1328125 0.146484375
3 0.552734375 0.3291015625 0.1171875 0.1171875
3 0.869140625 0.556640625 0.1279296875 0.1279296875
3 0.966796875 0.8232421875 0.0654296875 0.109375
3 0.0380859375 0.1025390625 0.076171875 0.1279296875
3 0.607421875 0.9677734375 0.1015625 0.0625
3 0.623046875 0.400390625 0.138671875 0.138671875
3 0.2685546875 0.55859375 0.1376953125 0.1279296875
3 0.560546875 0.759765625 0.150390625 0.1435546875
3 0.861328125 0.904296875 0.119140625 0.1015625
3 0.814453125 0.26171875 0.140625 0.1220703125
3 0.36328125 0.6337890625 0.138671875 0.1533203125
1 0.7861328125 0.5078125 0.126953125 0.1376953125
3 0.916015625 0.3251953125 0.1611328125 0.15625
3 0.0595703125 0.033203125 0.119140625 0.0654296875
3 0.802734375 0.080078125 0.1220703125 0.1171875
3 0.091796875 0.1640625 0.138671875 0.130859375
3 0.072265625 0.421875 0.138671875 0.171875
3 0.654296875 0.158203125 0.138671875 0.125
3 0.880859375 0.140625 0.158203125 0.15625
3 0.6162109375 0.8916015625 0.134765625 0.1220703125
1 0.5595703125 0.759765625 0.1533203125 0.146484375
3 0.115234375 0.150390625 0.083984375 0.0859375
1 0.720703125 0.052734375 0.140625 0.1044921875
3 0.95703125 0.189453125 0.083984375 0.1015625
1 0.2666015625 0.951171875 0.09375 0.095703125
3 0.31640625 0.7373046875 0.1357421875 0.1455078125
3 0.10546875 0.9833984375 0.087890625 0.033203125
3 0.17578125 0.736328125 0.1328125 0.126953125
3 0.4833984375 0.4609375 0.0908203125 0.0986328125
3 0.7451171875 0.201171875 0.1220703125 0.1328125
3 0.154296875 0.0615234375 0.1357421875 0.123046875
3 0.0703125 0.1845703125 0.091796875 0.083984375
3 0.2666015625 0.9521484375 0.09375 0.095703125
3 0.236328125 0.12109375 0.1220703125 0.123046875
3 0.439453125 0.0244140625 0.138671875 0.046875
3 0.0126953125 0.65234375 0.025390625 0.109375
1 0.23828125 0.12109375 0.123046875 0.1279296875
3 0.654296875 0.0146484375 0.162109375 0.029296875
3 0.025390625 0.376953125 0.048828125 0.1298828125
1 0.74609375 0.201171875 0.125 0.130859375
3 0.279296875 0.849609375 0.1171875 0.125
3 0.396484375 0.224609375 0.126953125 0.115234375
1 0.3984375 0.2236328125 0.1279296875 0.1171875
1 0.9638671875 0.927734375 0.072265625 0.103515625
1 0.1552734375 0.83203125 0.1328125 0.1064453125
3 0.4580078125 0.96484375 0.1064453125 0.068359375
3 0.720703125 0.0517578125 0.140625 0.1015625
3 0.962890625 0.3896484375 0.0703125 0.1279296875
3 0.9638671875 0.927734375 0.0703125 0.1064453125
3 0.150390625 0.0439453125 0.0810546875 0.0830078125
1 0.6162109375 0.892578125 0.1328125 0.123046875
3 0.220703125 0.640625 0.140625 0.140625
3 0.490234375 0.8955078125 0.1845703125 0.2080078125
3 0.9208984375 0.974609375 0.0498046875 0.0498046875
3 0.9501953125 0.224609375 0.099609375 0.173828125
3 0.6337890625 0.873046875 0.087890625 0.0703125