1 0.6708984375 0.875 0.126953125 0.0986328125
3 0.5185546875 0.4697265625 0.1298828125 0.130859375
3 0.6181640625 0.435546875 0.1328125 0.1357421875
3 0.9287109375 0.9267578125 0.099609375 0.083984375
3 0.50390625 0.892578125 0.0966796875 0.060546875
3 0.0546875 0.6123046875 0.107421875 0.1328125
3 0.396484375 0.478515625 0.1171875 0.115234375
3 0.951171875 0.9736328125 0.095703125 0.052734375
3 0.662109375 0.9609375 0.1455078125 0.076171875
1 0.103515625 0.5361328125 0.115234375 0.125
1 0.9111328125 0.8115234375 0.060546875 0.0576171875
3 0.978515625 0.4951171875 0.0419921875 0.1015625
1 0.9697265625 0.041015625 0.060546875 0.08203125
1 0.0546875 0.720703125 0.0673828125 0.080078125
1 0.662109375 0.9599609375 0.1533203125 0.080078125
1 0.2734375 0.498046875 0.099609375 0.0966796875
3 0.9716796875 0.041015625 0.056640625 0.08203125
3 0.28125 0.5771484375 0.044921875 0.046875