3 0.361328125 0.6142578125 0.126953125 0.1357421875
3 0.685546875 0.892578125 0.1513671875 0.138671875
3 0.44140625 0.568359375 0.126953125 0.146484375
3 0.685546875 0.4501953125 0.1455078125 0.1689453125
3 0.2021484375 0.671875 0.1171875 0.142578125
3 0.0908203125 0.52734375 0.1279296875 0.158203125
3 0.73046875 0.958984375 0.1533203125 0.080078125
3 0.857421875 0.916015625 0.1201171875 0.115234375
3 0.734375 0.248046875 0.1123046875 0.134765625
3 0.951171875 0.14453125 0.0966796875 0.138671875
3 0.1982421875 0.48046875 0.1142578125 0.1298828125
3 0.416015625 0.1220703125 0.1220703125 0.1328125
3 0.892578125 0.1904296875 0.1279296875 0.162109375
3 0.533203125 0.5478515625 0.111328125 0.125
3 0.56640625 0.060546875 0.1298828125 0.1201171875
3 0.2802734375 0.6484375 0.095703125 0.1298828125
3 0.2880859375 0.89453125 0.146484375 0.1279296875
3 0.052734375 0.7470703125 0.1044921875 0.142578125
3 0.6611328125 0.28125 0.119140625 0.1435546875
3 0.7314453125 0.681640625 0.1640625 0.142578125
3 0.041015625 0.1103515625 0.08203125 0.111328125
3 0.2841796875 0.462890625 0.1298828125 0.1748046875
3 0.607421875 0.513671875 0.1044921875 0.111328125
3 0.9072265625 0.970703125 0.1142578125 0.0576171875
3 0.6494140625 0.8203125 0.1142578125 0.1015625
3 0.6064453125 0.74609375 0.1220703125 0.1123046875
3 0.3447265625 0.162109375 0.111328125 0.1376953125
3 0.3173828125 0.9619140625 0.138671875 0.076171875
3 0.408203125 0.837890625 0.142578125 0.1201171875
3 0.939453125 0.3779296875 0.1171875 0.115234375
3 0.4287109375 0.3876953125 0.130859375 0.1611328125
3 0.0703125 0.234375 0.138671875 0.1904296875
3 0.8505859375 0.3935546875 0.1220703125 0.1357421875
3 0.123046875 0.7119140625 0.1279296875 0.1533203125
3 0.4208984375 0.0302734375 0.142578125 0.060546875
3 0.8115234375 0.2158203125 0.1220703125 0.1376953125
3 0.587890625 0.3291015625 0.1298828125 0.171875
3 0.1923828125 0.216796875 0.1171875 0.134765625
3 0.7802734375 0.42578125 0.1064453125 0.1298828125
3 0.779296875 0.759765625 0.150390625 0.130859375
3 0.501953125 0.095703125 0.107421875 0.111328125
3 0.6494140625 0.04296875 0.1220703125 0.0859375
3 0.080078125 0.9736328125 0.13671875 0.052734375
3 0.310546875 0.0224609375 0.091796875 0.044921875
3 0.150390625 0.296875 0.0498046875 0.0546875
3 0.265625 0.1865234375 0.126953125 0.1435546875
3 0.83203125 0.8291015625 0.107421875 0.099609375
3 0.7138671875 0.025390625 0.080078125 0.05078125
3 0.5078125 0.349609375 0.119140625 0.1376953125
3 0.9814453125 0.740234375 0.037109375 0.125
3 0.056640625 0.029296875 0.1123046875 0.0576171875
3 0.443359375 0.900390625 0.1201171875 0.109375
3 0.361328125 0.4267578125 0.1298828125 0.1669921875
3 0.98828125 0.07421875 0.0234375 0.1064453125
3 0.013671875 0.79296875 0.02734375 0.1015625
3 0.97265625 0.3232421875 0.0546875 0.1533203125
3 0.1923828125 0.0341796875 0.115234375 0.068359375
3 0.806640625 0.009765625 0.123046875 0.0185546875
3 0.232421875 0.193359375 0.201171875 0.1845703125
3 0.0546875 0.19921875 0.109375 0.1171875
3 0.48046875 0.9609375 0.1171875 0.078125
3 0.943359375 0.6044921875 0.111328125 0.2265625
3 0.025390625 0.4833984375 0.0498046875 0.1484375
1 0.0224609375 0.486328125 0.044921875 0.1513671875
3 0.4599609375 0.921875 0.169921875 0.15625
3 0.1943359375 0.017578125 0.115234375 0.0341796875
3 0.16015625 0.142578125 0.080078125 0.0673828125
3 0.099609375 0.080078125 0.0361328125 0.0361328125
3 0.646484375 0.681640625 0.0546875 0.046875
3 0.96875 0.669921875 0.060546875 0.0986328125
3 0.1748046875 0.0546875 0.154296875 0.109375