2 0.5908203125 0.294921875 0.1279296875 0.140625
2 0.39453125 0.0556640625 0.109375 0.109375
2 0.8759765625 0.23828125 0.09375 0.091796875
2 0.81640625 0.3701171875 0.166015625 0.1591796875
2 0.6953125 0.068359375 0.12890625 0.13671875
2 0.220703125 0.087890625 0.1171875 0.119140625
2 0.96484375 0.3544921875 0.068359375 0.078125
2 0.80859375 0.791015625 0.115234375 0.1171875
2 0.8271484375 0.5224609375 0.0751953125 0.076171875
3 0.4130859375 0.7119140625 0.080078125 0.083984375
2 0.21484375 0.3642578125 0.1669921875 0.1484375
2 0.3671875 0.3134765625 0.0810546875 0.1064453125
3 0.5693359375 0.8916015625 0.099609375 0.099609375
2 0.6787109375 0.20703125 0.0830078125 0.080078125
2 0.822265625 0.05078125 0.109375 0.1015625
2 0.9619140625 0.640625 0.0751953125 0.0888671875
1 0.453125 0.892578125 0.0966796875 0.091796875
2 0.474609375 0.1171875 0.0859375 0.078125
1 0.333984375 0.853515625 0.0888671875 0.091796875
3 0.6923828125 0.9306640625 0.1611328125 0.138671875
1 0.556640625 0.744140625 0.095703125 0.0986328125
2 0.552734375 0.4111328125 0.0810546875 0.078125
1 0.453125 0.5625 0.107421875 0.1123046875
1 0.78125 0.6015625 0.111328125 0.1064453125
3 0.4287109375 0.595703125 0.064453125 0.0732421875
1 0.580078125 0.6259765625 0.1640625 0.1611328125
2 0.482421875 0.498046875 0.091796875 0.0908203125
3 0.630859375 0.8408203125 0.0986328125 0.091796875
0 0.6884765625 0.716796875 0.1591796875 0.185546875
3 0.72265625 0.916015625 0.0986328125 0.0966796875
3 0.4326171875 0.7958984375 0.107421875 0.1044921875
2 0.2646484375 0.185546875 0.052734375 0.046875
2 0.7236328125 0.521484375 0.140625 0.1435546875
3 0.748046875 0.853515625 0.115234375 0.1064453125
1 0.552734375 0.412109375 0.0810546875 0.078125
1 0.43359375 0.798828125 0.109375 0.1123046875
2 0.216796875 0.494140625 0.162109375 0.142578125
1 0.490234375 0.697265625 0.1123046875 0.0986328125
2 0.33984375 0.9140625 0.0966796875 0.078125
2 0.845703125 0.2861328125 0.060546875 0.056640625
2 0.615234375 0.1650390625 0.1044921875 0.107421875
2 0.5830078125 0.0654296875 0.2373046875 0.130859375
2 0.23828125 0.4755859375 0.1064453125 0.095703125
2 0.166015625 0.033203125 0.1201171875 0.0654296875
0 0.4619140625 0.9189453125 0.126953125 0.162109375
3 0.26953125 0.5908203125 0.1201171875 0.09375
2 0.4267578125 0.4306640625 0.109375 0.1220703125
3 0.861328125 0.6572265625 0.1220703125 0.1123046875
0 0.109375 0.810546875 0.212890625 0.3779296875
3 0.556640625 0.744140625 0.0966796875 0.099609375
3 0.37890625 0.9892578125 0.068359375 0.021484375
2 0.5361328125 0.076171875 0.103515625 0.091796875
0 0.9384765625 0.5234375 0.123046875 0.130859375
1 0.712890625 0.685546875 0.1015625 0.103515625
2 0.388671875 0.16796875 0.0810546875 0.0908203125
3 0.8359375 0.98828125 0.1171875 0.0234375
2 0.98046875 0.169921875 0.0390625 0.123046875
0 0.1806640625 0.25390625 0.3154296875 0.2060546875
3 0.513671875 0.685546875 0.064453125 0.0654296875
3 0.33984375 0.9140625 0.095703125 0.076171875
3 0.6572265625 0.763671875 0.0751953125 0.0810546875
2 0.5107421875 0.306640625 0.2373046875 0.189453125
2 0.6572265625 0.763671875 0.0751953125 0.080078125
2 0.8759765625 0.0712890625 0.099609375 0.1044921875
0 0.580078125 0.6240234375 0.162109375 0.1591796875
0 0.81640625 0.373046875 0.1689453125 0.158203125
2 0.740234375 0.23046875 0.25 0.314453125
0 0.154296875 0.451171875 0.30859375 0.44140625
3 0.36328125 0.453125 0.0673828125 0.072265625
1 0.3251953125 0.75390625 0.0888671875 0.0673828125
0 0.3056640625 0.6298828125 0.2109375 0.1904296875
0 0.24609375 0.234375 0.212890625 0.173828125
3 0.6875 0.8212890625 0.048828125 0.046875
0 0.7998046875 0.189453125 0.384765625 0.37890625
3 0.470703125 0.9560546875 0.099609375 0.087890625