1 0.3154296875 0.833984375 0.1611328125 0.1611328125
1 0.9443359375 0.1455078125 0.111328125 0.115234375
1 0.5146484375 0.767578125 0.177734375 0.185546875
3 0.5185546875 0.767578125 0.177734375 0.1875
1 0.3837890625 0.6962890625 0.1044921875 0.099609375
1 0.1884765625 0.9658203125 0.125 0.068359375
3 0.2373046875 0.5322265625 0.1357421875 0.134765625
3 0.185546875 0.9658203125 0.126953125 0.068359375
1 0.36328125 0.57421875 0.091796875 0.0966796875
1 0.2333984375 0.529296875 0.142578125 0.1328125
1 0.4755859375 0.5166015625 0.068359375 0.0625
3 0.3837890625 0.697265625 0.1015625 0.0966796875
3 0.361328125 0.57421875 0.0888671875 0.095703125
2 0.9609375 0.376953125 0.078125 0.056640625
1 0.931640625 0.1318359375 0.0732421875 0.080078125
1 0.291015625 0.8095703125 0.087890625 0.083984375