3 0.373046875 0.138671875 0.177734375 0.162109375
3 0.515625 0.0595703125 0.1357421875 0.119140625
3 0.4462890625 0.525390625 0.1455078125 0.1376953125
3 0.486328125 0.443359375 0.1513671875 0.138671875
3 0.552734375 0.751953125 0.138671875 0.1376953125
3 0.544921875 0.3798828125 0.1171875 0.107421875
3 0.599609375 0.6845703125 0.1171875 0.123046875
3 0.9462890625 0.8037109375 0.107421875 0.1357421875
3 0.1171875 0.3203125 0.1435546875 0.130859375
3 0.3408203125 0.65234375 0.158203125 0.142578125
3 0.9482421875 0.5478515625 0.103515625 0.1357421875
3 0.7685546875 0.447265625 0.1171875 0.115234375
3 0.3857421875 0.5849609375 0.126953125 0.1298828125
3 0.3681640625 0.3671875 0.130859375 0.1298828125
3 0.28125 0.06640625 0.1298828125 0.1328125
3 0.259765625 0.4990234375 0.111328125 0.107421875
3 0.84765625 0.73828125 0.111328125 0.1279296875
3 0.6640625 0.6171875 0.1298828125 0.123046875
3 0.5927734375 0.1025390625 0.1171875 0.1279296875
3 0.8828125 0.5048828125 0.1220703125 0.1220703125
3 0.076171875 0.3974609375 0.109375 0.1142578125
3 0.6640625 0.818359375 0.1376953125 0.1298828125
3 0.763671875 0.685546875 0.1298828125 0.1298828125
3 0.162109375 0.6416015625 0.1201171875 0.1142578125
3 0.2275390625 0.7919921875 0.138671875 0.1328125
3 0.5986328125 0.31640625 0.0986328125 0.0966796875
3 0.421875 0.25390625 0.1220703125 0.091796875
3 0.322265625 0.439453125 0.1484375 0.1357421875
3 0.0419921875 0.458984375 0.083984375 0.1201171875
3 0.7236328125 0.9150390625 0.0986328125 0.103515625
3 0.9619140625 0.3701171875 0.076171875 0.1748046875
3 0.11328125 0.7158203125 0.134765625 0.1328125
3 0.8916015625 0.310546875 0.158203125 0.15625
3 0.5048828125 0.966796875 0.0986328125 0.0654296875
3 0.689453125 0.1728515625 0.1298828125 0.119140625
3 0.18359375 0.87890625 0.1298828125 0.1123046875
3 0.8271484375 0.384765625 0.1220703125 0.1298828125
3 0.427734375 0.9169921875 0.1484375 0.1640625
3 0.2216796875 0.572265625 0.1298828125 0.126953125
3 0.0244140625 0.236328125 0.048828125 0.1220703125
3 0.048828125 0.1611328125 0.09765625 0.115234375
3 0.8837890625 0.052734375 0.138671875 0.10546875
3 0.4482421875 0.0322265625 0.115234375 0.0625
3 0.2919921875 0.7333984375 0.1044921875 0.109375
3 0.060546875 0.771484375 0.1171875 0.103515625
3 0.037109375 0.8515625 0.0732421875 0.130859375
3 0.154296875 0.025390625 0.1298828125 0.0498046875
3 0.9853515625 0.599609375 0.029296875 0.162109375
3 0.798828125 0.03515625 0.1376953125 0.0703125
3 0.1650390625 0.2490234375 0.1220703125 0.119140625
3 0.90625 0.8896484375 0.119140625 0.1015625
3 0.939453125 0.091796875 0.1201171875 0.125
3 0.8837890625 0.9150390625 0.177734375 0.169921875
3 0.0947265625 0.9775390625 0.107421875 0.044921875
3 0.716796875 0.7392578125 0.0908203125 0.0751953125
3 0.017578125 0.5390625 0.03515625 0.12109375
3 0.1416015625 0.9501953125 0.103515625 0.09375
3 0.873046875 0.9541015625 0.150390625 0.0908203125
3 0.666015625 0.208984375 0.189453125 0.2001953125
3 0.1611328125 0.048828125 0.169921875 0.09765625
3 0.97265625 0.1416015625 0.052734375 0.1533203125
3 0.71875 0.9853515625 0.09375 0.029296875
3 0.017578125 0.935546875 0.03515625 0.12109375
3 0.349609375 0.0087890625 0.1220703125 0.017578125
2 0.970703125 0.140625 0.056640625 0.1640625
2 0.01953125 0.548828125 0.0390625 0.1484375
3 0.732421875 0.0087890625 0.1328125 0.017578125
1 0.234375 0.7001953125 0.0654296875 0.0732421875