3 0.78125 0.9052734375 0.162109375 0.1484375
3 0.3642578125 0.458984375 0.138671875 0.1376953125
3 0.6162109375 0.8779296875 0.146484375 0.1298828125
3 0.552734375 0.939453125 0.1455078125 0.119140625
3 0.310546875 0.5380859375 0.1357421875 0.1328125
3 0.6494140625 0.4306640625 0.142578125 0.1435546875
3 0.1982421875 0.6787109375 0.1279296875 0.134765625
3 0.431640625 0.3984375 0.1513671875 0.1455078125
3 0.189453125 0.314453125 0.1435546875 0.134765625
3 0.255859375 0.2236328125 0.138671875 0.1171875
3 0.927734375 0.4013671875 0.1435546875 0.1435546875
3 0.697265625 0.3330078125 0.15625 0.146484375
3 0.9599609375 0.2236328125 0.080078125 0.111328125
3 0.380859375 0.8134765625 0.134765625 0.1298828125
3 0.9501953125 0.30859375 0.099609375 0.10546875
3 0.435546875 0.7451171875 0.0966796875 0.0986328125
3 0.810546875 0.07421875 0.103515625 0.109375
3 0.650390625 0.8115234375 0.0986328125 0.0966796875
3 0.5224609375 0.224609375 0.1328125 0.1298828125
3 0.146484375 0.75 0.138671875 0.1376953125
3 0.607421875 0.529296875 0.109375 0.119140625
3 0.0732421875 0.240234375 0.130859375 0.140625
3 0.52734375 0.5986328125 0.125 0.1298828125
3 0.0380859375 0.337890625 0.076171875 0.1279296875
3 0.841796875 0.0234375 0.103515625 0.046875
3 0.2451171875 0.6005859375 0.1044921875 0.109375
3 0.88671875 0.779296875 0.140625 0.146484375
3 0.982421875 0.1318359375 0.0341796875 0.0830078125
3 0.951171875 0.697265625 0.0908203125 0.0830078125
3 0.291015625 0.1162109375 0.1640625 0.146484375
3 0.6064453125 0.0625 0.1689453125 0.125
3 0.9609375 0.603515625 0.076171875 0.126953125
3 0.361328125 0.033203125 0.11328125 0.06640625
3 0.1220703125 0.3974609375 0.1513671875 0.1533203125
3 0.869140625 0.8046875 0.2001953125 0.2080078125
3 0.310546875 0.884765625 0.134765625 0.1328125
3 0.48046875 0.98046875 0.1357421875 0.0390625
3 0.724609375 0.962890625 0.1015625 0.072265625
3 0.75 0.193359375 0.173828125 0.1953125
3 0.1435546875 0.103515625 0.1796875 0.2060546875
3 0.8544921875 0.544921875 0.2080078125 0.240234375
3 0.45703125 0.6484375 0.1689453125 0.1513671875
3 0.0888671875 0.8193359375 0.1357421875 0.130859375
3 0.283203125 0.9052734375 0.205078125 0.189453125
3 0.853515625 0.4912109375 0.1171875 0.1201171875
3 0.15625 0.060546875 0.1455078125 0.1201171875
3 0.7080078125 0.740234375 0.1298828125 0.130859375
3 0.837890625 0.84765625 0.134765625 0.1201171875
3 0.044921875 0.5087890625 0.0888671875 0.109375
3 0.7607421875 0.671875 0.115234375 0.1201171875
3 0.9873046875 0.9658203125 0.021484375 0.068359375
3 0.1279296875 0.146484375 0.138671875 0.1171875
3 0.0244140625 0.5859375 0.048828125 0.1376953125
2 0.083984375 0.8681640625 0.1669921875 0.2294921875
3 0.4365234375 0.6220703125 0.09375 0.0908203125
3 0.2734375 0.9541015625 0.0859375 0.087890625
3 0.0810546875 0.8671875 0.162109375 0.2265625
3 0.458984375 0.3330078125 0.09375 0.0888671875
3 0.7333984375 0.7080078125 0.1845703125 0.2001953125
3 0.732421875 0.23828125 0.130859375 0.107421875
1 0.123046875 0.3984375 0.15625 0.1513671875
3 0.580078125 0.517578125 0.173828125 0.1591796875
3 0.548828125 0.4951171875 0.1064453125 0.111328125
1 0.25 0.095703125 0.076171875 0.0966796875
3 0.1865234375 0.0078125 0.103515625 0.015625
1 0.0615234375 0.46484375 0.111328125 0.1064453125
1 0.568359375 0.140625 0.1357421875 0.119140625
3 0.166015625 0.9658203125 0.125 0.0673828125
3 0.77734375 0.162109375 0.111328125 0.1201171875
3 0.005859375 0.4228515625 0.0107421875 0.115234375