3 0.1982421875 0.93359375 0.189453125 0.1328125
3 0.4716796875 0.8994140625 0.1826171875 0.1923828125
3 0.369140625 0.7548828125 0.171875 0.173828125
3 0.078125 0.7294921875 0.15625 0.1767578125
3 0.576171875 0.57421875 0.169921875 0.1796875
3 0.3466796875 0.1259765625 0.1689453125 0.177734375
3 0.673828125 0.73828125 0.1845703125 0.1845703125
3 0.826171875 0.54296875 0.1689453125 0.1748046875
3 0.654296875 0.47265625 0.1689453125 0.1826171875
3 0.0458984375 0.6142578125 0.091796875 0.169921875
3 0.236328125 0.5048828125 0.166015625 0.169921875
3 0.24609375 0.26953125 0.1875 0.2001953125
3 0.7392578125 0.3701171875 0.1826171875 0.1982421875
3 0.1328125 0.822265625 0.1376953125 0.1376953125
3 0.435546875 0.330078125 0.1533203125 0.1689453125
3 0.98046875 0.2958984375 0.0390625 0.138671875
3 0.9658203125 0.052734375 0.064453125 0.10546875
3 0.4951171875 0.22265625 0.1953125 0.181640625
3 0.9501953125 0.8056640625 0.099609375 0.1923828125
3 0.771484375 0.654296875 0.1611328125 0.15625
1 0.4716796875 0.6552734375 0.171875 0.1875
3 0.1181640625 0.427734375 0.0625 0.060546875
1 0.0361328125 0.9375 0.0703125 0.125
3 0.0419921875 0.1162109375 0.083984375 0.162109375
3 0.8720703125 0.0576171875 0.1279296875 0.115234375
3 0.9619140625 0.4599609375 0.076171875 0.1279296875
3 0.7294921875 0.0546875 0.1669921875 0.109375
3 0.4150390625 0.041015625 0.138671875 0.08203125
3 0.728515625 0.9794921875 0.140625 0.041015625
3 0.849609375 0.9130859375 0.2001953125 0.173828125
1 0.9140625 0.287109375 0.087890625 0.150390625
3 0.9052734375 0.9716796875 0.076171875 0.056640625
3 0.0927734375 0.0556640625 0.1689453125 0.109375
3 0.6376953125 0.029296875 0.0703125 0.0576171875
3 0.83203125 0.294921875 0.1015625 0.138671875
3 0.583984375 0.099609375 0.1923828125 0.185546875
3 0.5771484375 0.822265625 0.171875 0.1826171875
3 0.130859375 0.333984375 0.193359375 0.1767578125
1 0.7412109375 0.3720703125 0.1845703125 0.197265625
3 0.318359375 0.4375 0.126953125 0.150390625
3 0.625 0.1044921875 0.1044921875 0.1064453125
3 0.1708984375 0.3447265625 0.0986328125 0.1015625
3 0.51953125 0.1923828125 0.1171875 0.111328125
3 0.466796875 0.654296875 0.1689453125 0.185546875
1 0.33984375 0.3837890625 0.0751953125 0.0751953125
3 0.048828125 0.98828125 0.095703125 0.0234375
3 0.099609375 0.341796875 0.1142578125 0.142578125
1 0.107421875 0.05078125 0.1328125 0.1015625
3 0.03515625 0.935546875 0.0703125 0.125
3 0.951171875 0.6279296875 0.0966796875 0.1611328125