1 0.5390625 0.6630859375 0.0576171875 0.060546875
3 0.6689453125 0.0751953125 0.1171875 0.125
3 0.576171875 0.79296875 0.1201171875 0.123046875
3 0.83203125 0.037109375 0.09375 0.07421875
3 0.3994140625 0.041015625 0.138671875 0.08203125
1 0.0205078125 0.8271484375 0.041015625 0.087890625
1 0.7958984375 0.939453125 0.1298828125 0.099609375
1 0.669921875 0.076171875 0.1220703125 0.125
3 0.9765625 0.67578125 0.046875 0.0703125
1 0.876953125 0.5244140625 0.1142578125 0.109375
1 0.353515625 0.96484375 0.0703125 0.068359375
3 0.8779296875 0.525390625 0.107421875 0.107421875
1 0.3291015625 0.9501953125 0.126953125 0.099609375
3 0.353515625 0.9638671875 0.072265625 0.0703125
1 0.0302734375 0.86328125 0.060546875 0.1767578125