1 0.666015625 0.6328125 0.0830078125 0.0859375
3 0.2568359375 0.7490234375 0.0986328125 0.0673828125
3 0.5859375 0.2509765625 0.109375 0.109375
3 0.361328125 0.494140625 0.1142578125 0.1220703125
3 0.224609375 0.9375 0.0888671875 0.115234375
3 0.830078125 0.3994140625 0.1123046875 0.1142578125
1 0.91015625 0.0478515625 0.126953125 0.09375
1 0.4853515625 0.73828125 0.1123046875 0.1201171875
1 0.0947265625 0.5 0.138671875 0.09375
3 0.353515625 0.736328125 0.0830078125 0.095703125
1 0.822265625 0.85546875 0.060546875 0.076171875
1 0.3037109375 0.23828125 0.0908203125 0.0859375
1 0.2587890625 0.484375 0.0888671875 0.119140625
1 0.8154296875 0.751953125 0.0751953125 0.0888671875
3 0.4619140625 0.9580078125 0.123046875 0.083984375
3 0.365234375 0.9501953125 0.078125 0.099609375
3 0.130859375 0.7294921875 0.119140625 0.0986328125
3 0.02734375 0.7060546875 0.0546875 0.126953125
3 0.1025390625 0.9326171875 0.0986328125 0.0966796875
1 0.4482421875 0.544921875 0.107421875 0.1142578125
1 0.36328125 0.94921875 0.0810546875 0.099609375
3 0.712890625 0.802734375 0.123046875 0.1513671875
1 0.4501953125 0.2578125 0.1220703125 0.123046875
1 0.568359375 0.041015625 0.1015625 0.0810546875
3 0.1513671875 0.6142578125 0.087890625 0.0859375
3 0.021484375 0.9189453125 0.04296875 0.099609375
3 0.44921875 0.5458984375 0.1064453125 0.1123046875
3 0.6962890625 0.6953125 0.0341796875 0.048828125
3 0.9638671875 0.5751953125 0.072265625 0.087890625
3 0.568359375 0.9833984375 0.0908203125 0.03125
1 0.1328125 0.728515625 0.1220703125 0.1015625
1 0.609375 0.7861328125 0.095703125 0.123046875
3 0.5693359375 0.0390625 0.0986328125 0.078125
1 0.0283203125 0.712890625 0.056640625 0.1455078125
1 0.4423828125 0.103515625 0.0908203125 0.080078125
3 0.958984375 0.5390625 0.0810546875 0.177734375
3 0.9765625 0.5146484375 0.046875 0.123046875
3 0.9619140625 0.17578125 0.076171875 0.09765625
1 0.748046875 0.712890625 0.0888671875 0.0810546875
1 0.7119140625 0.8056640625 0.1220703125 0.150390625
1 0.962890625 0.1767578125 0.0732421875 0.0966796875