3 0.822265625 0.798828125 0.142578125 0.1513671875
3 0.9697265625 0.9541015625 0.060546875 0.0888671875
1 0.439453125 0.041015625 0.09765625 0.08203125
3 0.6337890625 0.9296875 0.1123046875 0.1171875
3 0.2470703125 0.697265625 0.103515625 0.078125
3 0.51953125 0.3076171875 0.123046875 0.140625
1 0.041015625 0.7666015625 0.0810546875 0.087890625
3 0.9462890625 0.787109375 0.107421875 0.109375
1 0.8818359375 0.9462890625 0.107421875 0.103515625
1 0.443359375 0.78515625 0.1015625 0.146484375
3 0.669921875 0.369140625 0.109375 0.1015625
1 0.1748046875 0.462890625 0.0966796875 0.1357421875
3 0.1201171875 0.2568359375 0.0986328125 0.078125
1 0.51171875 0.095703125 0.080078125 0.0986328125
3 0.3564453125 0.107421875 0.056640625 0.09375
3 0.439453125 0.556640625 0.1044921875 0.1142578125
3 0.2509765625 0.267578125 0.056640625 0.0908203125
3 0.640625 0.47265625 0.171875 0.1513671875
3 0.623046875 0.2607421875 0.080078125 0.087890625
3 0.19921875 0.8154296875 0.0888671875 0.0810546875
3 0.4423828125 0.1728515625 0.0859375 0.0986328125
3 0.591796875 0.0537109375 0.0830078125 0.091796875
3 0.2041015625 0.64453125 0.2060546875 0.1982421875
3 0.783203125 0.169921875 0.134765625 0.138671875
1 0.095703125 0.353515625 0.095703125 0.1171875
3 0.892578125 0.353515625 0.158203125 0.1875
1 0.037109375 0.365234375 0.0732421875 0.1982421875
3 0.064453125 0.58984375 0.12890625 0.1953125
1 0.201171875 0.642578125 0.205078125 0.2001953125
1 0.779296875 0.1689453125 0.138671875 0.140625
1 0.890625 0.35546875 0.162109375 0.189453125
1 0.091796875 0.91015625 0.0810546875 0.1201171875
3 0.1748046875 0.4638671875 0.095703125 0.130859375
3 0.091796875 0.8984375 0.078125 0.095703125
1 0.673828125 0.04296875 0.1298828125 0.083984375
3 0.673828125 0.04296875 0.1279296875 0.0859375
1 0.0380859375 0.01953125 0.0751953125 0.0390625
1 0.4638671875 0.0732421875 0.177734375 0.146484375
1 0.857421875 0.185546875 0.0625 0.060546875
3 0.8095703125 0.021484375 0.041015625 0.041015625
1 0.0595703125 0.5576171875 0.119140625 0.130859375
3 0.888671875 0.30078125 0.1044921875 0.076171875