2 0.525390625 0.146484375 0.1435546875 0.140625
2 0.7607421875 0.908203125 0.115234375 0.1171875
2 0.064453125 0.5732421875 0.1279296875 0.1376953125
2 0.861328125 0.1953125 0.1220703125 0.123046875
2 0.7978515625 0.1484375 0.091796875 0.09375
2 0.783203125 0.5126953125 0.09375 0.0966796875
2 0.4755859375 0.3564453125 0.095703125 0.091796875
2 0.908203125 0.7392578125 0.083984375 0.087890625
2 0.9443359375 0.6865234375 0.091796875 0.09375
2 0.8505859375 0.466796875 0.087890625 0.083984375
2 0.9697265625 0.3447265625 0.0595703125 0.0830078125
2 0.81640625 0.3486328125 0.083984375 0.083984375
2 0.9140625 0.251953125 0.1015625 0.1015625
1 0.236328125 0.732421875 0.1064453125 0.103515625
2 0.451171875 0.248046875 0.0908203125 0.09375
2 0.7705078125 0.30078125 0.09375 0.095703125
2 0.310546875 0.412109375 0.09375 0.087890625
2 0.833984375 0.560546875 0.083984375 0.0830078125
0 0.353515625 0.3017578125 0.1435546875 0.134765625
2 0.705078125 0.3837890625 0.0966796875 0.1015625
2 0.7041015625 0.271484375 0.1279296875 0.134765625
2 0.8388671875 0.8046875 0.1328125 0.1376953125
2 0.8876953125 0.58203125 0.095703125 0.095703125
2 0.7041015625 0.8310546875 0.0859375 0.083984375
2 0.3916015625 0.8408203125 0.103515625 0.1015625
2 0.8134765625 0.9736328125 0.0908203125 0.0517578125
2 0.9716796875 0.576171875 0.0546875 0.1484375
1 0.57421875 0.6552734375 0.083984375 0.0751953125
2 0.162109375 0.60546875 0.0654296875 0.068359375
1 0.193359375 0.3994140625 0.119140625 0.1298828125
3 0.58203125 0.9248046875 0.1171875 0.109375
2 0.41015625 0.6474609375 0.099609375 0.0888671875
2 0.8583984375 0.685546875 0.0888671875 0.0859375
2 0.294921875 0.947265625 0.080078125 0.078125
2 0.5380859375 0.4267578125 0.078125 0.0908203125
0 0.345703125 0.5615234375 0.140625 0.140625
2 0.53515625 0.568359375 0.091796875 0.0888671875
1 0.2744140625 0.6201171875 0.134765625 0.15625
0 0.947265625 0.494140625 0.1044921875 0.119140625
2 0.9853515625 0.0693359375 0.029296875 0.115234375
2 0.638671875 0.349609375 0.0908203125 0.0830078125
2 0.611328125 0.2080078125 0.0986328125 0.0986328125
1 0.353515625 0.30078125 0.142578125 0.134765625
2 0.6767578125 0.486328125 0.09375 0.0908203125
1 0.8515625 0.95703125 0.080078125 0.0810546875
0 0.1025390625 0.84375 0.193359375 0.1826171875
1 0.8818359375 0.416015625 0.099609375 0.0986328125
0 0.193359375 0.400390625 0.1201171875 0.1328125
3 0.501953125 0.95703125 0.0908203125 0.0859375
2 0.267578125 0.345703125 0.0830078125 0.0859375
1 0.2666015625 0.345703125 0.0830078125 0.0859375
2 0.724609375 0.5986328125 0.0888671875 0.0908203125
3 0.638671875 0.9521484375 0.107421875 0.095703125
2 0.751953125 0.4384765625 0.1142578125 0.1044921875
2 0.8466796875 0.7705078125 0.0654296875 0.0654296875
0 0.9736328125 0.5634765625 0.052734375 0.1904296875
0 0.2783203125 0.607421875 0.150390625 0.1826171875
0 0.6103515625 0.2080078125 0.1015625 0.0986328125
3 0.4833984375 0.814453125 0.056640625 0.0576171875
0 0.9208984375 0.044921875 0.158203125 0.0859375
2 0.6416015625 0.02734375 0.126953125 0.052734375
2 0.640625 0.9521484375 0.1123046875 0.095703125
3 0.5400390625 0.865234375 0.1279296875 0.1142578125
1 0.4052734375 0.19921875 0.0908203125 0.078125
1 0.5419921875 0.8642578125 0.1279296875 0.1142578125
2 0.9501953125 0.9814453125 0.099609375 0.037109375
2 0.9462890625 0.1455078125 0.107421875 0.138671875
0 0.7216796875 0.7705078125 0.2451171875 0.2392578125
3 0.458984375 0.759765625 0.103515625 0.095703125
2 0.119140625 0.4833984375 0.115234375 0.1201171875
2 0.8935546875 0.048828125 0.0673828125 0.064453125
0 0.8779296875 0.931640625 0.2421875 0.134765625
1 0.3427734375 0.7802734375 0.1376953125 0.1220703125
1 0.6767578125 0.490234375 0.0966796875 0.103515625
0 0.94140625 0.544921875 0.1171875 0.228515625
0 0.119140625 0.4814453125 0.119140625 0.1298828125
2 0.4580078125 0.759765625 0.103515625 0.095703125
2 0.9716796875 0.166015625 0.056640625 0.0908203125
2 0.669921875 0.0361328125 0.2060546875 0.0703125
0 0.8701171875 0.4375 0.1328125 0.1484375
3 0.41015625 0.6474609375 0.099609375 0.087890625
1 0.955078125 0.029296875 0.0888671875 0.0576171875
1 0.947265625 0.49609375 0.1044921875 0.1220703125
3 0.482421875 0.47265625 0.064453125 0.078125
2 0.91015625 0.9267578125 0.1044921875 0.111328125
1 0.603515625 0.52734375 0.0859375 0.0888671875
3 0.275390625 0.619140625 0.134765625 0.1611328125
2 0.3466796875 0.5625 0.1357421875 0.134765625
2 0.98046875 0.3896484375 0.0390625 0.0888671875
2 0.7275390625 0.025390625 0.0908203125 0.0498046875
1 0.447265625 0.748046875 0.134765625 0.1298828125
0 0.5859375 0.896484375 0.2373046875 0.2060546875
0 0.0517578125 0.70703125 0.1015625 0.279296875
2 0.6455078125 0.779296875 0.0732421875 0.072265625
0 0.3134765625 0.951171875 0.1220703125 0.0966796875
3 0.4501953125 0.896484375 0.0859375 0.087890625
2 0.8837890625 0.416015625 0.099609375 0.099609375
2 0.6982421875 0.0703125 0.0576171875 0.056640625