3 0.5966796875 0.333984375 0.1298828125 0.140625
3 0.7548828125 0.568359375 0.09375 0.103515625
3 0.98046875 0.626953125 0.0390625 0.0751953125
1 0.7255859375 0.03125 0.0888671875 0.0625
3 0.7978515625 0.6630859375 0.123046875 0.1220703125
1 0.845703125 0.189453125 0.109375 0.1015625
1 0.92578125 0.9013671875 0.095703125 0.0888671875
3 0.9443359375 0.46875 0.09375 0.125
3 0.529296875 0.232421875 0.1201171875 0.1123046875
3 0.8056640625 0.923828125 0.0966796875 0.09375
3 0.431640625 0.0810546875 0.158203125 0.162109375
3 0.8525390625 0.7236328125 0.1220703125 0.1298828125
3 0.728515625 0.255859375 0.0966796875 0.095703125
3 0.498046875 0.154296875 0.09375 0.0986328125
1 0.84765625 0.3544921875 0.123046875 0.0966796875
1 0.681640625 0.4541015625 0.087890625 0.0888671875
3 0.9462890625 0.49609375 0.0810546875 0.072265625
3 0.833984375 0.9560546875 0.154296875 0.087890625
1 0.5712890625 0.025390625 0.119140625 0.05078125
3 0.8212890625 0.693359375 0.1875 0.1923828125
1 0.9501953125 0.34765625 0.072265625 0.0732421875
1 0.8876953125 0.3564453125 0.2080078125 0.115234375
3 0.8447265625 0.35546875 0.119140625 0.09375
1 0.595703125 0.333984375 0.1328125 0.140625
1 0.697265625 0.4736328125 0.111328125 0.111328125
1 0.6416015625 0.4189453125 0.1142578125 0.1220703125
3 0.7001953125 0.208984375 0.083984375 0.0673828125
3 0.3623046875 0.009765625 0.1015625 0.0185546875