3 0.2744140625 0.857421875 0.115234375 0.1171875
3 0.173828125 0.28125 0.1171875 0.1015625
3 0.056640625 0.4873046875 0.1123046875 0.1611328125
3 0.1240234375 0.86328125 0.119140625 0.115234375
3 0.271484375 0.6875 0.185546875 0.1875
3 0.1591796875 0.5849609375 0.1015625 0.1142578125
3 0.978515625 0.806640625 0.0419921875 0.134765625
3 0.201171875 0.072265625 0.0966796875 0.09375
3 0.544921875 0.767578125 0.125 0.119140625
1 0.349609375 0.908203125 0.140625 0.142578125
1 0.951171875 0.6298828125 0.048828125 0.0517578125
3 0.0791015625 0.1533203125 0.078125 0.0888671875
3 0.8173828125 0.8427734375 0.1298828125 0.1484375
3 0.9765625 0.2734375 0.046875 0.123046875
3 0.716796875 0.013671875 0.0576171875 0.0263671875
3 0.349609375 0.9072265625 0.130859375 0.1328125
1 0.185546875 0.365234375 0.0517578125 0.0546875
3 0.6025390625 0.0205078125 0.0751953125 0.041015625
3 0.716796875 0.806640625 0.0732421875 0.0751953125
3 0.7783203125 0.845703125 0.208984375 0.1845703125
3 0.9501953125 0.8779296875 0.052734375 0.0498046875
1 0.595703125 0.0849609375 0.064453125 0.037109375
3 0.861328125 0.9326171875 0.087890625 0.0830078125
1 0.81640625 0.8408203125 0.1328125 0.150390625
1 0.2734375 0.9765625 0.1064453125 0.046875
3 0.939453125 0.1025390625 0.1123046875 0.111328125
1 0.19921875 0.072265625 0.0986328125 0.0966796875
3 0.5439453125 0.115234375 0.0419921875 0.044921875
3 0.76171875 0.8974609375 0.080078125 0.072265625
3 0.59375 0.0849609375 0.0654296875 0.0390625