3 0.654296875 0.126953125 0.1279296875 0.1484375
1 0.216796875 0.1318359375 0.087890625 0.099609375
1 0.798828125 0.251953125 0.0517578125 0.052734375
3 0.2314453125 0.4970703125 0.1201171875 0.125
3 0.5263671875 0.0927734375 0.0517578125 0.0830078125
1 0.23046875 0.4951171875 0.1220703125 0.125
1 0.2041015625 0.111328125 0.1220703125 0.146484375
3 0.21875 0.1318359375 0.087890625 0.099609375
1 0.3916015625 0.96484375 0.1123046875 0.068359375
3 0.384765625 0.9677734375 0.107421875 0.064453125
3 0.380859375 0.9833984375 0.0908203125 0.033203125