3 0.71875 0.7490234375 0.150390625 0.1513671875
3 0.5771484375 0.55859375 0.15625 0.146484375
3 0.8388671875 0.6240234375 0.140625 0.138671875
3 0.19921875 0.166015625 0.1220703125 0.123046875
3 0.662109375 0.806640625 0.1376953125 0.134765625
3 0.6416015625 0.4970703125 0.1328125 0.142578125
3 0.7216796875 0.43359375 0.1328125 0.1279296875
3 0.111328125 0.783203125 0.1142578125 0.1142578125
3 0.357421875 0.55859375 0.134765625 0.1455078125
3 0.775390625 0.685546875 0.109375 0.109375
3 0.1376953125 0.220703125 0.1328125 0.1376953125
3 0.1650390625 0.720703125 0.126953125 0.123046875
3 0.0498046875 0.837890625 0.099609375 0.1171875
3 0.146484375 0.4482421875 0.1123046875 0.119140625
3 0.90234375 0.263671875 0.125 0.1220703125
3 0.087890625 0.517578125 0.109375 0.109375
3 0.8994140625 0.044921875 0.123046875 0.0888671875
3 0.2607421875 0.099609375 0.1279296875 0.1328125
3 0.2802734375 0.599609375 0.109375 0.1064453125
3 0.6611328125 0.259765625 0.109375 0.1142578125
3 0.8681640625 0.83203125 0.109375 0.107421875
3 0.6025390625 0.865234375 0.1279296875 0.126953125
3 0.451171875 0.6806640625 0.1279296875 0.1201171875
3 0.6064453125 0.326171875 0.1435546875 0.1328125
3 0.37890625 0.2314453125 0.1015625 0.099609375
3 0.830078125 0.076171875 0.107421875 0.111328125
3 0.22265625 0.658203125 0.109375 0.1044921875
3 0.5390625 0.919921875 0.119140625 0.1201171875
3 0.7802734375 0.1484375 0.140625 0.142578125
3 0.22265625 0.9189453125 0.119140625 0.115234375
3 0.193359375 0.3896484375 0.111328125 0.1142578125
3 0.7216796875 0.205078125 0.1142578125 0.119140625
3 0.845703125 0.326171875 0.1044921875 0.099609375
3 0.779296875 0.373046875 0.119140625 0.1171875
3 0.0771484375 0.2783203125 0.1279296875 0.125
3 0.169921875 0.9677734375 0.130859375 0.064453125
3 0.8193359375 0.8974609375 0.109375 0.115234375
3 0.037109375 0.572265625 0.0732421875 0.1015625
3 0.3505859375 0.7978515625 0.1015625 0.1015625
3 0.251953125 0.337890625 0.1171875 0.123046875
3 0.9033203125 0.5703125 0.1376953125 0.1357421875
3 0.9208984375 0.76953125 0.1328125 0.1328125
3 0.4072265625 0.75 0.107421875 0.107421875
3 0.2822265625 0.8515625 0.1142578125 0.115234375
3 0.314453125 0.27734375 0.142578125 0.1455078125
3 0.474609375 0.4423828125 0.1220703125 0.109375
3 0.958984375 0.2021484375 0.0810546875 0.1064453125
3 0.529296875 0.3935546875 0.125 0.1220703125
3 0.052734375 0.025390625 0.10546875 0.05078125
3 0.4072265625 0.4912109375 0.1064453125 0.109375
3 0.50390625 0.0908203125 0.1513671875 0.146484375
3 0.5673828125 0.048828125 0.111328125 0.09765625
3 0.9462890625 0.5126953125 0.107421875 0.119140625
3 0.533203125 0.625 0.103515625 0.1044921875
3 0.041015625 0.3291015625 0.08203125 0.123046875
3 0.025390625 0.318359375 0.0498046875 0.09375
3 0.974609375 0.458984375 0.0498046875 0.1328125
3 0.01953125 0.0576171875 0.0390625 0.111328125
3 0.3359375 0.052734375 0.130859375 0.1044921875
3 0.0361328125 0.912109375 0.072265625 0.1455078125
3 0.3251953125 0.033203125 0.103515625 0.064453125
3 0.9853515625 0.9599609375 0.029296875 0.080078125
3 0.9794921875 0.13671875 0.041015625 0.140625
3 0.4697265625 0.5244140625 0.056640625 0.0576171875
3 0.7412109375 0.951171875 0.1044921875 0.095703125
3 0.8671875 0.1259765625 0.078125 0.0732421875
3 0.9638671875 0.9853515625 0.072265625 0.029296875
1 0.478515625 0.9560546875 0.123046875 0.087890625
3 0.634765625 0.0244140625 0.123046875 0.048828125
3 0.9716796875 0.7158203125 0.0546875 0.125
3 0.01171875 0.6298828125 0.0234375 0.1328125
3 0.46484375 0.12890625 0.21875 0.240234375
3 0.021484375 0.400390625 0.0419921875 0.1298828125
3 0.40234375 0.9853515625 0.0986328125 0.029296875
3 0.404296875 0.0244140625 0.109375 0.048828125
3 0.4794921875 0.9560546875 0.123046875 0.0859375
3 0.501953125 0.380859375 0.072265625 0.0751953125
3 0.9423828125 0.005859375 0.115234375 0.01171875
3 0.990234375 0.015625 0.017578125 0.03125
3 0.3876953125 0.005859375 0.130859375 0.01171875
3 0.9423828125 0.015625 0.115234375 0.03125