3 0.181640625 0.8232421875 0.1435546875 0.142578125
3 0.9228515625 0.4248046875 0.154296875 0.1533203125
3 0.515625 0.279296875 0.1328125 0.138671875
3 0.2470703125 0.7685546875 0.1357421875 0.125
3 0.138671875 0.666015625 0.126953125 0.1171875
3 0.8408203125 0.4775390625 0.1123046875 0.111328125
3 0.4140625 0.939453125 0.1201171875 0.1201171875
3 0.68359375 0.330078125 0.125 0.123046875
3 0.556640625 0.4462890625 0.1435546875 0.1298828125
3 0.0830078125 0.724609375 0.1220703125 0.109375
3 0.7705078125 0.0556640625 0.1484375 0.111328125
3 0.7255859375 0.607421875 0.1201171875 0.1201171875
3 0.3525390625 0.9638671875 0.1513671875 0.072265625
3 0.9541015625 0.353515625 0.091796875 0.12890625
3 0.4482421875 0.0498046875 0.1357421875 0.0986328125
3 0.564453125 0.943359375 0.150390625 0.1123046875
3 0.5771484375 0.2216796875 0.1064453125 0.1044921875
3 0.697265625 0.107421875 0.126953125 0.1220703125
3 0.861328125 0.1455078125 0.1328125 0.126953125
3 0.7880859375 0.533203125 0.095703125 0.0908203125
3 0.19921875 0.603515625 0.1201171875 0.119140625
3 0.1328125 0.904296875 0.099609375 0.1123046875
3 0.634765625 0.1640625 0.1201171875 0.119140625
3 0.7509765625 0.267578125 0.103515625 0.111328125
3 0.314453125 0.708984375 0.1123046875 0.109375
3 0.501953125 0.513671875 0.1064453125 0.1123046875
3 0.0322265625 0.7861328125 0.0625 0.0986328125
3 0.404296875 0.421875 0.126953125 0.134765625
3 0.927734375 0.083984375 0.138671875 0.1376953125
1 0.9140625 0.947265625 0.107421875 0.1044921875
3 0.4326171875 0.5625 0.150390625 0.142578125
3 0.4599609375 0.8720703125 0.115234375 0.1123046875
3 0.623046875 0.734375 0.1298828125 0.1376953125
3 0.451171875 0.337890625 0.1142578125 0.119140625
3 0.060546875 0.4443359375 0.1201171875 0.130859375
3 0.7958984375 0.1962890625 0.1455078125 0.142578125
1 0.341796875 0.4619140625 0.0908203125 0.09375
3 0.513671875 0.0185546875 0.1279296875 0.037109375
3 0.9814453125 0.5341796875 0.037109375 0.103515625
3 0.064453125 0.9423828125 0.12890625 0.111328125
3 0.771484375 0.17578125 0.0888671875 0.091796875
3 0.388671875 0.1044921875 0.107421875 0.1015625
3 0.9501953125 0.59765625 0.099609375 0.1171875
3 0.982421875 0.2958984375 0.0341796875 0.1064453125
3 0.2587890625 0.6328125 0.078125 0.080078125
2 0.19140625 0.150390625 0.373046875 0.2998046875
3 0.6318359375 0.39453125 0.1171875 0.109375
3 0.0224609375 0.5087890625 0.044921875 0.126953125
3 0.025390625 0.3837890625 0.0498046875 0.125
3 0.955078125 0.890625 0.0888671875 0.123046875
3 0.740234375 0.81640625 0.208984375 0.193359375
3 0.673828125 0.6611328125 0.109375 0.1064453125
1 0.8955078125 0.6767578125 0.119140625 0.1142578125
3 0.845703125 0.9814453125 0.1064453125 0.037109375
3 0.013671875 0.8662109375 0.02734375 0.146484375
2 0.740234375 0.8154296875 0.2109375 0.193359375
3 0.8203125 0.1259765625 0.048828125 0.048828125
3 0.54296875 0.7744140625 0.0517578125 0.048828125
3 0.830078125 0.017578125 0.1171875 0.03515625
3 0.376953125 0.505859375 0.0703125 0.0654296875
3 0.5009765625 0.9892578125 0.0986328125 0.021484375
1 0.869140625 0.6962890625 0.1689453125 0.162109375
3 0.8203125 0.2119140625 0.09375 0.095703125
3 0.783203125 0.7822265625 0.107421875 0.103515625
3 0.8232421875 0.7109375 0.068359375 0.068359375
3 0.970703125 0.04296875 0.0576171875 0.0859375
1 0.833984375 0.7255859375 0.095703125 0.0986328125
3 0.0263671875 0.984375 0.052734375 0.03125
3 0.986328125 0.8193359375 0.0263671875 0.1142578125
1 0.9287109375 0.0849609375 0.142578125 0.138671875