1 0.7451171875 0.1865234375 0.0595703125 0.076171875
1 0.078125 0.580078125 0.15625 0.181640625
1 0.896484375 0.6943359375 0.0625 0.0859375
3 0.9091796875 0.5966796875 0.0888671875 0.0986328125
1 0.4951171875 0.8466796875 0.078125 0.125
3 0.681640625 0.2734375 0.0908203125 0.1015625
3 0.37890625 0.83203125 0.09375 0.0986328125
1 0.9462890625 0.5009765625 0.107421875 0.123046875
1 0.3291015625 0.9775390625 0.0859375 0.044921875
3 0.3359375 0.0478515625 0.064453125 0.078125
3 0.50390625 0.052734375 0.0908203125 0.080078125
3 0.287109375 0.861328125 0.1064453125 0.130859375
3 0.4697265625 0.53125 0.125 0.126953125
1 0.7255859375 0.041015625 0.0751953125 0.080078125
3 0.341796875 0.5986328125 0.134765625 0.140625
1 0.03515625 0.146484375 0.068359375 0.0888671875
3 0.654296875 0.0458984375 0.080078125 0.0859375
3 0.63671875 0.8330078125 0.080078125 0.091796875
3 0.251953125 0.1826171875 0.0830078125 0.091796875
3 0.6083984375 0.6328125 0.0830078125 0.09375
3 0.5126953125 0.63671875 0.0830078125 0.0888671875
3 0.9677734375 0.89453125 0.0625 0.126953125
1 0.5712890625 0.966796875 0.1533203125 0.0654296875
3 0.2412109375 0.646484375 0.1123046875 0.1171875
3 0.765625 0.95703125 0.091796875 0.0859375
1 0.07421875 0.98046875 0.083984375 0.0390625
3 0.0576171875 0.91015625 0.072265625 0.068359375
3 0.712890625 0.6640625 0.068359375 0.1220703125
1 0.845703125 0.84765625 0.1279296875 0.1357421875
3 0.115234375 0.115234375 0.091796875 0.0888671875
3 0.412109375 0.052734375 0.0419921875 0.046875
1 0.88671875 0.11328125 0.0966796875 0.1015625
1 0.251953125 0.1826171875 0.0810546875 0.0966796875
1 0.8837890625 0.0830078125 0.126953125 0.166015625
3 0.6025390625 0.9697265625 0.095703125 0.060546875
3 0.0419921875 0.8251953125 0.083984375 0.119140625
1 0.494140625 0.9658203125 0.181640625 0.0673828125
3 0.87890625 0.025390625 0.078125 0.0498046875
3 0.013671875 0.6572265625 0.02734375 0.072265625
1 0.4599609375 0.97265625 0.1142578125 0.052734375
1 0.11328125 0.107421875 0.0966796875 0.103515625
3 0.162109375 0.912109375 0.109375 0.1015625
1 0.244140625 0.646484375 0.1171875 0.119140625
3 0.080078125 0.583984375 0.158203125 0.185546875
3 0.9873046875 0.046875 0.025390625 0.09375
1 0.0458984375 0.85546875 0.091796875 0.1875
1 0.1455078125 0.45703125 0.0546875 0.0703125
3 0.802734375 0.080078125 0.091796875 0.1591796875
1 0.802734375 0.0791015625 0.0908203125 0.158203125
1 0.3935546875 0.666015625 0.130859375 0.1064453125
3 0.0166015625 0.625 0.033203125 0.140625