2 0.208984375 0.7255859375 0.181640625 0.1689453125
2 0.7822265625 0.9267578125 0.166015625 0.146484375
2 0.9697265625 0.0751953125 0.060546875 0.138671875
3 0.3369140625 0.3447265625 0.1123046875 0.1220703125
3 0.279296875 0.947265625 0.125 0.1044921875
2 0.29296875 0.64453125 0.1142578125 0.1064453125
2 0.8427734375 0.2421875 0.1201171875 0.1064453125
2 0.208984375 0.224609375 0.1328125 0.15625
3 0.1142578125 0.380859375 0.103515625 0.109375
2 0.103515625 0.548828125 0.20703125 0.1953125
3 0.6201171875 0.791015625 0.09375 0.109375
2 0.93359375 0.720703125 0.064453125 0.0625
2 0.517578125 0.35546875 0.115234375 0.1044921875
3 0.0966796875 0.8818359375 0.142578125 0.146484375
3 0.150390625 0.4111328125 0.111328125 0.1201171875
3 0.041015625 0.9423828125 0.0810546875 0.1123046875
2 0.888671875 0.970703125 0.083984375 0.0576171875
3 0.642578125 0.2216796875 0.087890625 0.0859375
3 0.294921875 0.302734375 0.1328125 0.1513671875
3 0.2158203125 0.9814453125 0.107421875 0.037109375
3 0.208984375 0.2265625 0.134765625 0.154296875
3 0.3544921875 0.873046875 0.146484375 0.1484375
3 0.0224609375 0.8134765625 0.044921875 0.126953125
3 0.7001953125 0.1005859375 0.1982421875 0.1640625
3 0.041015625 0.326171875 0.080078125 0.111328125
0 0.66796875 0.5126953125 0.2861328125 0.2890625
1 0.5205078125 0.677734375 0.1669921875 0.150390625
3 0.478515625 0.9833984375 0.1123046875 0.033203125
3 0.3876953125 0.087890625 0.1875 0.1748046875
3 0.2265625 0.4755859375 0.1171875 0.1279296875
3 0.5546875 0.9580078125 0.1298828125 0.0830078125
3 0.9775390625 0.681640625 0.044921875 0.109375
3 0.6953125 0.853515625 0.109375 0.1142578125
3 0.13671875 0.095703125 0.130859375 0.1298828125
3 0.93359375 0.720703125 0.064453125 0.064453125
3 0.3046875 0.521484375 0.083984375 0.087890625
2 0.2958984375 0.3017578125 0.130859375 0.146484375
3 0.201171875 0.4228515625 0.078125 0.0810546875
3 0.88671875 0.80859375 0.1015625 0.095703125
2 0.751953125 0.5048828125 0.095703125 0.1015625
3 0.1865234375 0.439453125 0.111328125 0.1171875
3 0.0703125 0.943359375 0.087890625 0.0810546875
3 0.470703125 0.791015625 0.2392578125 0.244140625
2 0.6943359375 0.853515625 0.1044921875 0.1142578125
1 0.609375 0.9169921875 0.1044921875 0.107421875
3 0.7041015625 0.603515625 0.1015625 0.103515625
3 0.068359375 0.357421875 0.1220703125 0.142578125
0 0.056640625 0.0791015625 0.111328125 0.158203125
3 0.587890625 0.740234375 0.0732421875 0.0751953125
3 0.423828125 0.13671875 0.099609375 0.0986328125
2 0.6484375 0.4951171875 0.1064453125 0.099609375
2 0.6640625 0.5126953125 0.279296875 0.2890625
2 0.373046875 0.5615234375 0.1142578125 0.107421875
3 0.7529296875 0.5029296875 0.09375 0.103515625
2 0.6962890625 0.4365234375 0.125 0.126953125
3 0.0869140625 0.1728515625 0.130859375 0.1279296875
3 0.5390625 0.78125 0.091796875 0.0859375
3 0.4619140625 0.849609375 0.123046875 0.1123046875
2 0.150390625 0.5888671875 0.119140625 0.1142578125
3 0.56640625 0.275390625 0.162109375 0.142578125
1 0.654296875 0.021484375 0.08203125 0.04296875
3 0.5205078125 0.6787109375 0.1640625 0.1533203125
3 0.671875 0.806640625 0.078125 0.0810546875
2 0.982421875 0.888671875 0.0341796875 0.1767578125
2 0.98828125 0.904296875 0.0234375 0.1220703125
3 0.6005859375 0.267578125 0.0888671875 0.087890625
3 0.693359375 0.439453125 0.1279296875 0.125
2 0.0869140625 0.171875 0.130859375 0.1298828125
2 0.3369140625 0.544921875 0.189453125 0.1513671875
3 0.2587890625 0.931640625 0.0751953125 0.0703125
3 0.482421875 0.1826171875 0.130859375 0.130859375
3 0.0185546875 0.2822265625 0.037109375 0.1171875
2 0.396484375 0.0908203125 0.2001953125 0.177734375
2 0.0244140625 0.8115234375 0.046875 0.1513671875
3 0.3720703125 0.3818359375 0.103515625 0.1015625
3 0.966796875 0.7978515625 0.064453125 0.1015625
2 0.228515625 0.478515625 0.125 0.134765625
2 0.7685546875 0.701171875 0.142578125 0.1484375
3 0.333984375 0.548828125 0.185546875 0.1533203125
2 0.88671875 0.8076171875 0.1015625 0.1044921875
2 0.13671875 0.095703125 0.1328125 0.1298828125
1 0.392578125 0.087890625 0.1953125 0.17578125
2 0.966796875 0.798828125 0.064453125 0.099609375