3 0.845703125 0.1416015625 0.142578125 0.1279296875
3 0.6171875 0.875 0.1123046875 0.146484375
3 0.5986328125 0.173828125 0.123046875 0.123046875
3 0.5234375 0.68359375 0.095703125 0.1220703125
3 0.5390625 0.240234375 0.1328125 0.134765625
3 0.6064453125 0.466796875 0.1123046875 0.103515625
3 0.0908203125 0.4697265625 0.134765625 0.125
3 0.412109375 0.4189453125 0.1298828125 0.1220703125
3 0.4541015625 0.8369140625 0.107421875 0.140625
3 0.623046875 0.69140625 0.0986328125 0.0859375
3 0.107421875 0.775390625 0.1044921875 0.119140625
3 0.533203125 0.8779296875 0.0859375 0.09375
3 0.4267578125 0.044921875 0.130859375 0.08984375
3 0.1337890625 0.591796875 0.091796875 0.099609375
3 0.44140625 0.6572265625 0.09375 0.1015625
3 0.0390625 0.740234375 0.076171875 0.1591796875
3 0.63671875 0.0927734375 0.123046875 0.1123046875
3 0.7060546875 0.052734375 0.1845703125 0.1044921875
3 0.0380859375 0.9443359375 0.076171875 0.107421875
3 0.69140625 0.3642578125 0.142578125 0.138671875
3 0.9462890625 0.0263671875 0.107421875 0.052734375
3 0.232421875 0.3125 0.1455078125 0.142578125
3 0.2841796875 0.244140625 0.0888671875 0.0888671875
3 0.0390625 0.3876953125 0.078125 0.1142578125
2 0.177734375 0.0625 0.1533203125 0.125
3 0.9697265625 0.806640625 0.0595703125 0.1123046875
3 0.8974609375 0.0654296875 0.107421875 0.107421875
3 0.814453125 0.5166015625 0.1064453125 0.115234375
3 0.814453125 0.80078125 0.140625 0.109375
2 0.0673828125 0.1826171875 0.134765625 0.140625
3 0.779296875 0.59375 0.111328125 0.111328125
3 0.1669921875 0.3720703125 0.0908203125 0.0908203125
3 0.369140625 0.830078125 0.107421875 0.1376953125
3 0.373046875 0.09765625 0.119140625 0.1201171875
3 0.181640625 0.9814453125 0.0830078125 0.037109375
1 0.84765625 0.734375 0.09375 0.091796875
3 0.755859375 0.275390625 0.103515625 0.1015625
3 0.7021484375 0.9052734375 0.09375 0.0986328125
3 0.240234375 0.81640625 0.2138671875 0.1689453125
3 0.984375 0.708984375 0.03125 0.1123046875
3 0.369140625 0.642578125 0.0703125 0.107421875
3 0.068359375 0.181640625 0.1357421875 0.142578125
3 0.033203125 0.2451171875 0.0654296875 0.130859375
3 0.015625 0.3408203125 0.029296875 0.1015625
3 0.98046875 0.24609375 0.0390625 0.1044921875
3 0.734375 0.65625 0.1044921875 0.0966796875
1 0.92578125 0.798828125 0.0517578125 0.068359375
3 0.294921875 0.623046875 0.1923828125 0.1591796875
1 0.79296875 0.912109375 0.123046875 0.150390625
1 0.7783203125 0.1962890625 0.173828125 0.1513671875
1 0.8037109375 0.2099609375 0.1015625 0.1142578125
3 0.91796875 0.4931640625 0.0986328125 0.0986328125
3 0.7919921875 0.9130859375 0.1220703125 0.146484375
3 0.986328125 0.607421875 0.0263671875 0.111328125
3 0.9248046875 0.345703125 0.150390625 0.2080078125
3 0.244140625 0.0283203125 0.1376953125 0.056640625
3 0.9541015625 0.3134765625 0.0908203125 0.1298828125
1 0.517578125 0.498046875 0.052734375 0.0595703125
3 0.1103515625 0.9736328125 0.0673828125 0.0517578125
3 0.5166015625 0.49609375 0.0576171875 0.060546875
3 0.4853515625 0.294921875 0.1064453125 0.1015625
1 0.9306640625 0.9150390625 0.138671875 0.166015625
1 0.7451171875 0.177734375 0.1015625 0.1064453125
1 0.275390625 0.81640625 0.134765625 0.140625
3 0.958984375 0.9755859375 0.080078125 0.048828125
3 0.9716796875 0.90234375 0.056640625 0.0888671875
3 0.24609375 0.6123046875 0.0810546875 0.09375
3 0.9091796875 0.376953125 0.1142578125 0.1015625
1 0.37109375 0.830078125 0.103515625 0.134765625
3 0.3662109375 0.990234375 0.111328125 0.017578125
1 0.970703125 0.8994140625 0.056640625 0.0986328125
2 0.248046875 0.025390625 0.125 0.05078125