3 0.171875 0.6845703125 0.1201171875 0.1064453125
3 0.3896484375 0.525390625 0.1015625 0.0703125
1 0.1865234375 0.263671875 0.1171875 0.0830078125
3 0.80078125 0.62109375 0.130859375 0.0859375
1 0.3974609375 0.4501953125 0.0986328125 0.0810546875
3 0.9697265625 0.8369140625 0.060546875 0.126953125
3 0.4013671875 0.357421875 0.0966796875 0.0888671875
1 0.5625 0.6220703125 0.1201171875 0.0888671875
3 0.197265625 0.443359375 0.083984375 0.064453125
3 0.564453125 0.7958984375 0.119140625 0.091796875
1 0.9189453125 0.716796875 0.1171875 0.1171875
3 0.017578125 0.6025390625 0.03515625 0.087890625
3 0.162109375 0.517578125 0.1533203125 0.095703125
3 0.107421875 0.7939453125 0.056640625 0.0439453125
1 0.798828125 0.7060546875 0.1279296875 0.0859375
3 0.818359375 0.205078125 0.1201171875 0.0810546875
3 0.5654296875 0.8681640625 0.0986328125 0.068359375
3 0.791015625 0.537109375 0.099609375 0.083984375
3 0.576171875 0.533203125 0.091796875 0.0751953125
3 0.404296875 0.6025390625 0.078125 0.060546875
1 0.587890625 0.369140625 0.0859375 0.0703125
1 0.0263671875 0.251953125 0.052734375 0.1044921875
3 0.607421875 0.103515625 0.0859375 0.087890625
1 0.181640625 0.353515625 0.125 0.09375
3 0.0263671875 0.5185546875 0.052734375 0.083984375
3 0.841796875 0.291015625 0.1357421875 0.087890625
3 0.373046875 0.953125 0.095703125 0.083984375
3 0.9775390625 0.498046875 0.044921875 0.171875
3 0.0751953125 0.5712890625 0.0341796875 0.037109375
3 0.580078125 0.705078125 0.115234375 0.0908203125
3 0.201171875 0.189453125 0.111328125 0.0859375
3 0.9482421875 0.396484375 0.103515625 0.140625
1 0.572265625 0.447265625 0.119140625 0.099609375
3 0.017578125 0.6767578125 0.03515625 0.064453125
3 0.5654296875 0.9501953125 0.099609375 0.072265625
3 0.1796875 0.986328125 0.0908203125 0.025390625
3 0.0625 0.7099609375 0.048828125 0.0361328125
3 0.3935546875 0.78125 0.1201171875 0.099609375
3 0.16015625 0.9345703125 0.0830078125 0.0625
3 0.779296875 0.8720703125 0.103515625 0.091796875
1 0.845703125 0.1259765625 0.1767578125 0.0986328125
3 0.3857421875 0.8681640625 0.126953125 0.095703125
3 0.90625 0.833984375 0.0888671875 0.1142578125
1 0.0341796875 0.1005859375 0.068359375 0.109375
1 0.814453125 0.37109375 0.125 0.0830078125
1 0.4208984375 0.189453125 0.123046875 0.0966796875
3 0.42578125 0.095703125 0.138671875 0.1015625
3 0.56640625 0.103515625 0.171875 0.1064453125
3 0.384765625 0.689453125 0.0966796875 0.0810546875
1 0.431640625 0.2265625 0.1611328125 0.1748046875
3 0.5048828125 0.0986328125 0.3017578125 0.1220703125
3 0.0322265625 0.1005859375 0.064453125 0.111328125
1 0.384765625 0.689453125 0.095703125 0.078125
1 0.578125 0.5390625 0.103515625 0.083984375
1 0.037109375 0.2275390625 0.0732421875 0.15625
3 0.587890625 0.205078125 0.119140625 0.0908203125
1 0.0458984375 0.4462890625 0.0908203125 0.1044921875
3 0.52734375 0.1015625 0.0859375 0.0859375
1 0.171875 0.8564453125 0.111328125 0.0830078125
3 0.78125 0.791015625 0.1015625 0.0830078125
3 0.171875 0.8564453125 0.109375 0.0810546875
3 0.5966796875 0.2890625 0.09375 0.0830078125
1 0.189453125 0.60546875 0.095703125 0.0654296875
1 0.96875 0.189453125 0.0625 0.138671875
3 0.0166015625 0.9853515625 0.033203125 0.029296875
1 0.8017578125 0.458984375 0.1123046875 0.091796875
3 0.017578125 0.9326171875 0.03515625 0.083984375
3 0.033203125 0.1806640625 0.06640625 0.056640625
3 0.0283203125 0.44140625 0.056640625 0.0888671875
1 0.4130859375 0.2724609375 0.111328125 0.087890625
1 0.185546875 0.103515625 0.166015625 0.111328125
3 0.904296875 0.126953125 0.0546875 0.0888671875
3 0.4912109375 0.3681640625 0.087890625 0.103515625
3 0.7998046875 0.458984375 0.109375 0.0908203125
3 0.017578125 0.7666015625 0.03515625 0.087890625
1 0.38671875 0.8671875 0.1279296875 0.09375
3 0.7890625 0.8310546875 0.1484375 0.1748046875
1 0.0185546875 0.9326171875 0.037109375 0.0859375
1 0.083984375 0.2568359375 0.0498046875 0.0703125
3 0.8427734375 0.126953125 0.1845703125 0.0986328125
3 0.9755859375 0.1083984375 0.048828125 0.09375
3 0.025390625 0.3447265625 0.0498046875 0.0986328125
1 0.02734375 0.849609375 0.0546875 0.099609375
3 0.962890625 0.158203125 0.0732421875 0.2001953125
3 0.0283203125 0.849609375 0.056640625 0.09375