2 0.6845703125 0.3837890625 0.166015625 0.154296875
3 0.32421875 0.458984375 0.189453125 0.1640625
3 0.4482421875 0.306640625 0.1376953125 0.1357421875
3 0.490234375 0.2197265625 0.166015625 0.158203125
3 0.369140625 0.3740234375 0.138671875 0.125
3 0.0615234375 0.341796875 0.123046875 0.173828125
3 0.62890625 0.0791015625 0.1748046875 0.158203125
3 0.119140625 0.2392578125 0.228515625 0.2109375
2 0.7900390625 0.6259765625 0.228515625 0.2080078125
3 0.28125 0.056640625 0.1142578125 0.109375
3 0.0830078125 0.759765625 0.142578125 0.1376953125
2 0.60546875 0.53125 0.103515625 0.0986328125
3 0.2451171875 0.5068359375 0.1015625 0.1064453125
3 0.8818359375 0.8056640625 0.134765625 0.119140625
3 0.0263671875 0.072265625 0.0517578125 0.140625
3 0.7998046875 0.9462890625 0.0810546875 0.076171875
3 0.5771484375 0.1640625 0.2080078125 0.1904296875
3 0.1953125 0.6240234375 0.1689453125 0.15625
3 0.96875 0.9775390625 0.0625 0.044921875
3 0.8369140625 0.8671875 0.140625 0.1220703125
1 0.734375 0.955078125 0.166015625 0.0888671875
2 0.0205078125 0.91015625 0.041015625 0.1279296875
3 0.2392578125 0.1328125 0.1298828125 0.115234375
3 0.0546875 0.0263671875 0.109375 0.052734375
3 0.9140625 0.740234375 0.1357421875 0.126953125
2 0.455078125 0.9443359375 0.173828125 0.111328125
3 0.0283203125 0.4287109375 0.056640625 0.1484375
2 0.87890625 0.1650390625 0.111328125 0.1015625
0 0.9580078125 0.283203125 0.083984375 0.203125
3 0.044921875 0.1396484375 0.0732421875 0.0732421875
0 0.921875 0.0869140625 0.15625 0.169921875
3 0.9248046875 0.4169921875 0.150390625 0.1484375
2 0.43359375 0.9794921875 0.123046875 0.041015625
1 0.431640625 0.54296875 0.109375 0.109375
1 0.162109375 0.095703125 0.087890625 0.0908203125
0 0.109375 0.9482421875 0.197265625 0.103515625
3 0.6806640625 0.048828125 0.15625 0.0966796875
3 0.9931640625 0.9423828125 0.013671875 0.1064453125
1 0.58203125 0.306640625 0.099609375 0.09375
0 0.453125 0.6767578125 0.3642578125 0.3798828125
1 0.6806640625 0.048828125 0.1591796875 0.0966796875
3 0.1611328125 0.0966796875 0.0859375 0.0908203125
2 0.6748046875 0.765625 0.1328125 0.130859375
3 0.958984375 0.3291015625 0.080078125 0.076171875
2 0.974609375 0.572265625 0.048828125 0.0830078125
2 0.107421875 0.94921875 0.205078125 0.1015625
2 0.9248046875 0.416015625 0.150390625 0.1455078125
2 0.9755859375 0.0205078125 0.048828125 0.041015625
2 0.751953125 0.6845703125 0.310546875 0.3154296875
3 0.2587890625 0.09765625 0.169921875 0.1923828125
0 0.45703125 0.9443359375 0.1689453125 0.109375
1 0.373046875 0.0302734375 0.1328125 0.060546875
2 0.1494140625 0.984375 0.107421875 0.03125
3 0.666015625 0.025390625 0.1201171875 0.0498046875
3 0.1611328125 0.208984375 0.1357421875 0.1328125
0 0.837890625 0.1826171875 0.302734375 0.359375
2 0.8701171875 0.4794921875 0.1298828125 0.115234375
0 0.9326171875 0.6435546875 0.134765625 0.203125
3 0.595703125 0.291015625 0.0439453125 0.0419921875