3 0.0625 0.8046875 0.123046875 0.1279296875
1 0.26953125 0.904296875 0.130859375 0.0888671875
1 0.4794921875 0.419921875 0.1201171875 0.103515625
3 0.119140625 0.58984375 0.1201171875 0.1015625
3 0.037109375 0.2578125 0.07421875 0.1171875
3 0.697265625 0.9619140625 0.1953125 0.076171875
1 0.5087890625 0.791015625 0.078125 0.1044921875
3 0.1171875 0.9287109375 0.109375 0.1064453125
3 0.4091796875 0.61328125 0.1435546875 0.1513671875
3 0.15234375 0.6708984375 0.1044921875 0.1171875
1 0.373046875 0.439453125 0.1064453125 0.111328125
1 0.244140625 0.90234375 0.0751953125 0.0703125
3 0.478515625 0.421875 0.115234375 0.1015625
1 0.099609375 0.501953125 0.140625 0.1142578125
1 0.1171875 0.9296875 0.111328125 0.109375
3 0.1015625 0.501953125 0.140625 0.1123046875
3 0.029296875 0.9716796875 0.05859375 0.056640625
1 0.412109375 0.6123046875 0.150390625 0.1533203125
1 0.931640625 0.833984375 0.107421875 0.0986328125
3 0.3720703125 0.439453125 0.1064453125 0.109375
3 0.013671875 0.9658203125 0.02734375 0.044921875