3 0.8251953125 0.392578125 0.150390625 0.1533203125
3 0.90625 0.3505859375 0.1455078125 0.1455078125
3 0.712890625 0.80078125 0.140625 0.1376953125
3 0.6455078125 0.5810546875 0.1357421875 0.1376953125
3 0.8896484375 0.892578125 0.130859375 0.1279296875
3 0.529296875 0.4384765625 0.150390625 0.1484375
1 0.1103515625 0.5087890625 0.115234375 0.1171875
3 0.4365234375 0.2158203125 0.150390625 0.142578125
3 0.513671875 0.1650390625 0.134765625 0.138671875
3 0.697265625 0.5087890625 0.1533203125 0.1513671875
3 0.77734375 0.462890625 0.123046875 0.126953125
3 0.787109375 0.740234375 0.1376953125 0.1357421875
3 0.79296875 0.23046875 0.134765625 0.134765625
3 0.8251953125 0.947265625 0.109375 0.1044921875
3 0.3701171875 0.052734375 0.138671875 0.10546875
3 0.9501953125 0.263671875 0.099609375 0.130859375
3 0.9501953125 0.849609375 0.0986328125 0.1376953125
3 0.6572265625 0.326171875 0.1220703125 0.1298828125
3 0.30859375 0.330078125 0.1142578125 0.1171875
3 0.9619140625 0.578125 0.076171875 0.1279296875
3 0.587890625 0.376953125 0.1279296875 0.134765625
3 0.9521484375 0.099609375 0.095703125 0.1357421875
3 0.568359375 0.630859375 0.134765625 0.1484375
3 0.111328125 0.2626953125 0.1591796875 0.169921875
1 0.0869140625 0.931640625 0.138671875 0.134765625
3 0.7177734375 0.2705078125 0.1171875 0.123046875
3 0.052734375 0.302734375 0.1044921875 0.1484375
3 0.8544921875 0.6943359375 0.1201171875 0.1298828125
3 0.44921875 0.4912109375 0.1298828125 0.130859375
3 0.517578125 0.9521484375 0.134765625 0.095703125
3 0.3916015625 0.5537109375 0.1298828125 0.1298828125
3 0.642578125 0.857421875 0.130859375 0.1513671875
3 0.1669921875 0.4482421875 0.126953125 0.125
3 0.578125 0.095703125 0.1171875 0.1220703125
3 0.2373046875 0.146484375 0.138671875 0.1328125
3 0.5771484375 0.916015625 0.1171875 0.1201171875
3 0.376953125 0.28125 0.123046875 0.1142578125
3 0.6416015625 0.0595703125 0.1171875 0.1171875
3 0.3740234375 0.8056640625 0.1201171875 0.125
3 0.3115234375 0.8740234375 0.123046875 0.1328125
3 0.9248046875 0.64453125 0.0986328125 0.099609375
3 0.2431640625 0.39453125 0.119140625 0.1279296875
3 0.427734375 0.021484375 0.115234375 0.0419921875
3 0.3125 0.0869140625 0.1171875 0.119140625
3 0.765625 0.9736328125 0.123046875 0.052734375
3 0.1513671875 0.970703125 0.142578125 0.0576171875
3 0.431640625 0.736328125 0.1513671875 0.158203125
3 0.873046875 0.16796875 0.1171875 0.1142578125
3 0.16796875 0.1884765625 0.15625 0.15625
3 0.044921875 0.8798828125 0.08984375 0.115234375
3 0.9755859375 0.7744140625 0.048828125 0.1279296875
3 0.318359375 0.607421875 0.158203125 0.1640625
3 0.5087890625 0.697265625 0.1328125 0.140625
3 0.521484375 0.533203125 0.0517578125 0.056640625
3 0.5244140625 0.0126953125 0.1123046875 0.025390625
3 0.015625 0.35546875 0.03125 0.1279296875
3 0.4404296875 0.9814453125 0.123046875 0.037109375
3 0.9501953125 0.0224609375 0.0986328125 0.044921875
3 0.177734375 0.720703125 0.1298828125 0.140625
3 0.9892578125 0.5 0.021484375 0.095703125
3 0.5263671875 0.0654296875 0.064453125 0.064453125
3 0.25 0.66796875 0.125 0.1357421875
3 0.365234375 0.1328125 0.060546875 0.0576171875
3 0.98828125 0.19921875 0.0234375 0.095703125
3 0.685546875 0.0068359375 0.119140625 0.013671875
3 0.0341796875 0.8193359375 0.068359375 0.1064453125
3 0.0322265625 0.04296875 0.064453125 0.0859375
3 0.294921875 0.638671875 0.228515625 0.2265625