3 0.2333984375 0.7392578125 0.1298828125 0.1357421875
3 0.345703125 0.291015625 0.1142578125 0.109375
3 0.6728515625 0.84375 0.158203125 0.150390625
3 0.798828125 0.943359375 0.115234375 0.109375
3 0.064453125 0.3642578125 0.1279296875 0.130859375
3 0.1376953125 0.708984375 0.130859375 0.1279296875
3 0.93359375 0.576171875 0.123046875 0.1171875
3 0.6025390625 0.0556640625 0.125 0.109375
3 0.4013671875 0.2177734375 0.1435546875 0.1376953125
3 0.23828125 0.4150390625 0.1220703125 0.1171875
3 0.4501953125 0.615234375 0.1357421875 0.140625
3 0.791015625 0.18359375 0.126953125 0.134765625
3 0.3759765625 0.5556640625 0.1533203125 0.1533203125
3 0.287109375 0.34765625 0.111328125 0.1064453125
3 0.9501953125 0.240234375 0.099609375 0.1279296875
3 0.810546875 0.3720703125 0.169921875 0.177734375
3 0.5751953125 0.357421875 0.125 0.125
3 0.08203125 0.6474609375 0.107421875 0.0966796875
3 0.2890625 0.0947265625 0.1123046875 0.107421875
3 0.802734375 0.697265625 0.1298828125 0.1376953125
3 0.6787109375 0.5048828125 0.140625 0.146484375
3 0.166015625 0.2294921875 0.1220703125 0.1201171875
3 0.2353515625 0.154296875 0.119140625 0.123046875
3 0.8515625 0.126953125 0.099609375 0.1044921875
3 0.8603515625 0.87890625 0.134765625 0.1220703125
3 0.521484375 0.421875 0.130859375 0.138671875
3 0.35546875 0.8701171875 0.1484375 0.1533203125
3 0.302734375 0.7939453125 0.109375 0.1064453125
3 0.439453125 0.0361328125 0.1328125 0.072265625
3 0.6005859375 0.5859375 0.1328125 0.130859375
3 0.73828125 0.771484375 0.162109375 0.1513671875
3 0.919921875 0.806640625 0.1044921875 0.1064453125
3 0.873046875 0.638671875 0.140625 0.134765625
3 0.9150390625 0.0693359375 0.1123046875 0.111328125
3 0.5322265625 0.1103515625 0.1220703125 0.119140625
3 0.193359375 0.927734375 0.150390625 0.1435546875
3 0.7080078125 0.240234375 0.1015625 0.1064453125
3 0.455078125 0.4775390625 0.1123046875 0.1142578125
3 0.958984375 0.041015625 0.0810546875 0.0810546875
3 0.1494140625 0.45703125 0.1220703125 0.1142578125
3 0.3564453125 0.060546875 0.130859375 0.12109375
3 0.67578125 0.025390625 0.12109375 0.05078125
3 0.65234375 0.291015625 0.123046875 0.107421875
3 0.107421875 0.8857421875 0.1201171875 0.115234375
3 0.4697265625 0.1533203125 0.095703125 0.0966796875
3 0.9599609375 0.74609375 0.078125 0.130859375
3 0.2724609375 0.9580078125 0.1513671875 0.083984375
3 0.087890625 0.5283203125 0.138671875 0.138671875
3 0.03125 0.068359375 0.0625 0.134765625
3 0.9677734375 0.5048828125 0.064453125 0.1455078125
3 0.88671875 0.28515625 0.130859375 0.1279296875
3 0.5322265625 0.9716796875 0.1298828125 0.0546875
3 0.734375 0.4228515625 0.1220703125 0.138671875
3 0.119140625 0.30078125 0.1376953125 0.1357421875
3 0.07421875 0.0244140625 0.1064453125 0.048828125
3 0.5048828125 0.6708984375 0.1328125 0.150390625
3 0.5068359375 0.0478515625 0.0546875 0.0517578125
3 0.0615234375 0.806640625 0.123046875 0.150390625
3 0.033203125 0.439453125 0.0654296875 0.1533203125
1 0.1171875 0.2998046875 0.1357421875 0.1357421875
3 0.7998046875 0.7958984375 0.048828125 0.046875
3 0.521484375 0.642578125 0.091796875 0.0908203125
3 0.736328125 0.4736328125 0.0673828125 0.0625
3 0.9931640625 0.177734375 0.013671875 0.1220703125
3 0.7880859375 0.6748046875 0.0859375 0.0830078125
3 0.1162109375 0.49609375 0.1953125 0.197265625
3 0.333984375 0.0322265625 0.080078125 0.064453125
3 0.490234375 0.0615234375 0.09375 0.0859375