3 0.052734375 0.177734375 0.1044921875 0.1142578125
3 0.44140625 0.041015625 0.1279296875 0.0810546875
3 0.544921875 0.0927734375 0.1123046875 0.1171875
2 0.560546875 0.78515625 0.1484375 0.109375
3 0.912109375 0.044921875 0.1171875 0.0888671875
2 0.935546875 0.771484375 0.1279296875 0.1298828125
3 0.3232421875 0.486328125 0.1328125 0.123046875
2 0.119140625 0.4375 0.189453125 0.162109375
3 0.2470703125 0.212890625 0.0986328125 0.0986328125
3 0.419921875 0.3486328125 0.1220703125 0.1142578125
3 0.6298828125 0.126953125 0.1513671875 0.166015625
3 0.09765625 0.1123046875 0.087890625 0.087890625
3 0.2021484375 0.294921875 0.1201171875 0.1220703125
3 0.3662109375 0.416015625 0.1328125 0.1220703125
3 0.6884765625 0.2978515625 0.0908203125 0.0859375
2 0.2763671875 0.708984375 0.0966796875 0.1064453125
3 0.3173828125 0.158203125 0.130859375 0.1220703125
3 0.626953125 0.384765625 0.1064453125 0.1064453125
2 0.2998046875 0.8759765625 0.150390625 0.1591796875
3 0.5810546875 0.455078125 0.1298828125 0.1220703125
3 0.150390625 0.037109375 0.095703125 0.072265625
3 0.4990234375 0.6083984375 0.162109375 0.150390625
3 0.794921875 0.048828125 0.1123046875 0.0966796875
3 0.0654296875 0.9697265625 0.123046875 0.060546875
1 0.359375 0.30078125 0.09375 0.0986328125
3 0.4697265625 0.2744140625 0.103515625 0.1015625
2 0.9677734375 0.708984375 0.0625 0.1044921875
3 0.150390625 0.3525390625 0.1279296875 0.125
3 0.25 0.533203125 0.150390625 0.140625
1 0.314453125 0.1572265625 0.1376953125 0.126953125
3 0.025390625 0.9423828125 0.05078125 0.111328125
3 0.0234375 0.2470703125 0.046875 0.1220703125
3 0.537109375 0.5302734375 0.158203125 0.1455078125
3 0.71875 0.0185546875 0.0986328125 0.0361328125
3 0.30078125 0.873046875 0.150390625 0.1591796875
3 0.8828125 0.3349609375 0.123046875 0.1298828125
3 0.0986328125 0.703125 0.1220703125 0.125
2 0.8505859375 0.8837890625 0.298828125 0.232421875
2 0.5009765625 0.611328125 0.1640625 0.1513671875
2 0.4345703125 0.9453125 0.1689453125 0.107421875
1 0.037109375 0.671875 0.0732421875 0.130859375
2 0.25 0.5341796875 0.150390625 0.140625
2 0.984375 0.6357421875 0.03125 0.0986328125
3 0.23046875 0.8212890625 0.1298828125 0.138671875
3 0.4189453125 0.2314453125 0.0595703125 0.0625
3 0.9833984375 0.6337890625 0.033203125 0.1044921875
1 0.8623046875 0.4140625 0.091796875 0.0859375
0 0.9462890625 0.228515625 0.107421875 0.193359375
0 0.689453125 0.58203125 0.400390625 0.404296875
2 0.6533203125 0.7548828125 0.0751953125 0.0673828125
2 0.9619140625 0.9619140625 0.076171875 0.0751953125
2 0.7978515625 0.50390625 0.166015625 0.193359375
3 0.203125 0.0068359375 0.0908203125 0.013671875
3 0.0361328125 0.671875 0.0703125 0.134765625
1 0.048828125 0.044921875 0.0966796875 0.0888671875
3 0.244140625 0.951171875 0.0986328125 0.0830078125
3 0.150390625 0.791015625 0.1591796875 0.1767578125
2 0.9462890625 0.22265625 0.1064453125 0.1982421875
2 0.025390625 0.2431640625 0.048828125 0.1220703125
3 0.009765625 0.74609375 0.01953125 0.078125
2 0.6572265625 0.693359375 0.09375 0.0908203125
3 0.1123046875 0.841796875 0.091796875 0.078125
1 0.72265625 0.01953125 0.1044921875 0.0390625
3 0.419921875 0.658203125 0.0888671875 0.0810546875
3 0.984375 0.095703125 0.03125 0.1201171875
3 0.96875 0.7080078125 0.0625 0.103515625
2 0.41796875 0.662109375 0.087890625 0.080078125
0 0.8388671875 0.8779296875 0.2626953125 0.2421875