1 0.265625 0.1591796875 0.0986328125 0.1044921875
3 0.8125 0.224609375 0.1044921875 0.123046875
3 0.6396484375 0.216796875 0.1142578125 0.115234375
3 0.197265625 0.3642578125 0.1376953125 0.142578125
3 0.7265625 0.02734375 0.0888671875 0.0546875
3 0.0751953125 0.2138671875 0.0673828125 0.0732421875
3 0.05859375 0.3359375 0.099609375 0.111328125
1 0.8857421875 0.427734375 0.052734375 0.0546875
3 0.65625 0.103515625 0.0859375 0.080078125
1 0.197265625 0.365234375 0.140625 0.1455078125
1 0.6572265625 0.1103515625 0.09375 0.095703125
3 0.408203125 0.2333984375 0.029296875 0.0517578125