3 0.525390625 0.46484375 0.1357421875 0.1357421875
3 0.6240234375 0.3779296875 0.1435546875 0.1435546875
3 0.7841796875 0.2333984375 0.150390625 0.1533203125
3 0.7158203125 0.6845703125 0.1455078125 0.140625
3 0.720703125 0.1669921875 0.126953125 0.125
3 0.201171875 0.498046875 0.125 0.130859375
3 0.4150390625 0.7158203125 0.150390625 0.146484375
3 0.158203125 0.0712890625 0.095703125 0.115234375
3 0.8857421875 0.1455078125 0.1435546875 0.142578125
2 0.0966796875 0.9326171875 0.1455078125 0.1328125
3 0.357421875 0.6337890625 0.1298828125 0.1357421875
3 0.7578125 0.5263671875 0.1357421875 0.1328125
3 0.826171875 0.0712890625 0.123046875 0.1279296875
3 0.4482421875 0.3974609375 0.140625 0.1435546875
3 0.291015625 0.560546875 0.126953125 0.1328125
3 0.5869140625 0.0458984375 0.1171875 0.0908203125
3 0.615234375 0.9091796875 0.1669921875 0.1591796875
3 0.361328125 0.30859375 0.158203125 0.166015625
3 0.646484375 0.1015625 0.123046875 0.119140625
3 0.888671875 0.6669921875 0.125 0.125
3 0.4833984375 0.2529296875 0.154296875 0.1513671875
3 0.6396484375 0.630859375 0.111328125 0.1123046875
3 0.255859375 0.2626953125 0.123046875 0.126953125
3 0.115234375 0.4345703125 0.0888671875 0.1015625
3 0.8134765625 0.5986328125 0.150390625 0.158203125
3 0.7548828125 0.041015625 0.146484375 0.08203125
3 0.447265625 0.1591796875 0.1171875 0.1142578125
3 0.498046875 0.767578125 0.1298828125 0.134765625
2 0.193359375 0.8271484375 0.212890625 0.2138671875
3 0.5390625 0.8388671875 0.146484375 0.1357421875
3 0.7763671875 0.7646484375 0.1298828125 0.1298828125
3 0.5546875 0.3134765625 0.130859375 0.126953125
3 0.259765625 0.0751953125 0.095703125 0.091796875
3 0.9443359375 0.744140625 0.111328125 0.1064453125
3 0.037109375 0.41015625 0.0732421875 0.1513671875
3 0.90625 0.3642578125 0.1298828125 0.138671875
3 0.1376953125 0.2314453125 0.1044921875 0.099609375
2 0.0546875 0.869140625 0.107421875 0.115234375
1 0.427734375 0.080078125 0.0703125 0.068359375
3 0.986328125 0.2685546875 0.0263671875 0.0859375
3 0.9609375 0.4501953125 0.076171875 0.1201171875
3 0.8349609375 0.83203125 0.0966796875 0.0908203125
3 0.22265625 0.5888671875 0.046875 0.048828125
3 0.98828125 0.5029296875 0.0234375 0.1484375
3 0.69140625 0.9658203125 0.09375 0.068359375
1 0.359375 0.0859375 0.080078125 0.0966796875
3 0.9892578125 0.0322265625 0.021484375 0.0625
3 0.9658203125 0.2802734375 0.068359375 0.1220703125
1 0.2578125 0.0751953125 0.0986328125 0.09375
3 0.240234375 0.609375 0.0888671875 0.091796875