3 0.697265625 0.53515625 0.068359375 0.107421875
3 0.806640625 0.4677734375 0.142578125 0.1484375
3 0.9365234375 0.6640625 0.126953125 0.154296875
3 0.962890625 0.2919921875 0.0703125 0.125
3 0.236328125 0.6728515625 0.111328125 0.1142578125
1 0.958984375 0.103515625 0.0576171875 0.060546875
3 0.6669921875 0.08203125 0.1015625 0.130859375
2 0.37890625 0.69140625 0.142578125 0.146484375
3 0.880859375 0.423828125 0.083984375 0.0830078125
1 0.9228515625 0.5234375 0.130859375 0.126953125
1 0.708984375 0.251953125 0.0751953125 0.068359375
1 0.6669921875 0.08203125 0.1044921875 0.130859375
2 0.8583984375 0.0859375 0.140625 0.1455078125
3 0.765625 0.2880859375 0.0341796875 0.0419921875
1 0.5654296875 0.478515625 0.1123046875 0.103515625
3 0.376953125 0.689453125 0.146484375 0.1484375
3 0.8662109375 0.080078125 0.119140625 0.1328125
3 0.568359375 0.4794921875 0.1064453125 0.1015625
3 0.5810546875 0.6298828125 0.03125 0.080078125
1 0.7255859375 0.263671875 0.1220703125 0.1044921875
1 0.8623046875 0.083984375 0.1298828125 0.142578125