3 0.181640625 0.6982421875 0.107421875 0.1171875
3 0.2802734375 0.94921875 0.1123046875 0.099609375
3 0.3505859375 0.8662109375 0.1123046875 0.1142578125
3 0.5576171875 0.6328125 0.1298828125 0.1298828125
3 0.2587890625 0.40625 0.1298828125 0.125
3 0.48046875 0.69140625 0.109375 0.1142578125
3 0.0810546875 0.8212890625 0.142578125 0.1484375
1 0.8515625 0.892578125 0.109375 0.111328125
3 0.8642578125 0.2197265625 0.0908203125 0.1064453125
3 0.4833984375 0.203125 0.1455078125 0.1533203125
1 0.5810546875 0.0791015625 0.1845703125 0.158203125
3 0.7138671875 0.3076171875 0.1328125 0.142578125
3 0.9541015625 0.388671875 0.091796875 0.1171875
3 0.4208984375 0.783203125 0.1611328125 0.15625
3 0.697265625 0.955078125 0.1298828125 0.0888671875
1 0.7021484375 0.4638671875 0.0859375 0.091796875
3 0.37890625 0.326171875 0.1376953125 0.1298828125
3 0.6025390625 0.521484375 0.1220703125 0.126953125
3 0.9091796875 0.59765625 0.119140625 0.1328125
3 0.779296875 0.9375 0.1279296875 0.123046875
3 0.984375 0.9482421875 0.03125 0.1015625
3 0.9833984375 0.46875 0.033203125 0.0703125
1 0.857421875 0.12890625 0.123046875 0.09375
3 0.857421875 0.1298828125 0.1220703125 0.099609375
3 0.9580078125 0.791015625 0.083984375 0.1142578125
1 0.75390625 0.7470703125 0.1533203125 0.15625
1 0.423828125 0.912109375 0.044921875 0.056640625
1 0.66015625 0.435546875 0.1748046875 0.15625
3 0.640625 0.4248046875 0.130859375 0.1279296875
3 0.98828125 0.689453125 0.0234375 0.0986328125
1 0.6005859375 0.5205078125 0.1220703125 0.126953125
3 0.7548828125 0.748046875 0.1484375 0.15625
1 0.013671875 0.9169921875 0.02734375 0.115234375
3 0.7333984375 0.7802734375 0.09375 0.0859375
3 0.9775390625 0.541015625 0.044921875 0.09375
1 0.779296875 0.939453125 0.126953125 0.1201171875
3 0.421875 0.9130859375 0.0517578125 0.056640625