3 0.5830078125 0.3662109375 0.1328125 0.1376953125
3 0.6572265625 0.166015625 0.140625 0.1455078125
3 0.8681640625 0.328125 0.1845703125 0.181640625
1 0.7255859375 0.560546875 0.1220703125 0.1455078125
3 0.392578125 0.04296875 0.126953125 0.0859375
3 0.5693359375 0.767578125 0.0986328125 0.0888671875
1 0.501953125 0.244140625 0.076171875 0.080078125
3 0.9365234375 0.1787109375 0.126953125 0.1298828125
3 0.59375 0.0634765625 0.107421875 0.1171875
2 0.9375 0.177734375 0.125 0.130859375
1 0.9423828125 0.78125 0.115234375 0.1435546875
3 0.7275390625 0.560546875 0.125 0.150390625
3 0.033203125 0.685546875 0.0654296875 0.1328125
3 0.0380859375 0.5380859375 0.076171875 0.1376953125
1 0.3466796875 0.9736328125 0.126953125 0.052734375
3 0.984375 0.0703125 0.029296875 0.1279296875
3 0.3466796875 0.9716796875 0.134765625 0.0546875
1 0.0341796875 0.681640625 0.068359375 0.1376953125
3 0.6171875 0.470703125 0.0986328125 0.119140625
3 0.9921875 0.826171875 0.013671875 0.103515625
1 0.544921875 0.0244140625 0.0830078125 0.048828125