2 0.8818359375 0.943359375 0.146484375 0.1123046875
2 0.544921875 0.748046875 0.138671875 0.1328125
3 0.146484375 0.71484375 0.140625 0.140625
2 0.6572265625 0.826171875 0.123046875 0.1142578125
3 0.056640625 0.8759765625 0.1123046875 0.1357421875
2 0.9619140625 0.759765625 0.076171875 0.21875
2 0.583984375 0.89453125 0.140625 0.142578125
3 0.095703125 0.7939453125 0.1455078125 0.1435546875
3 0.138671875 0.943359375 0.125 0.111328125
3 0.251953125 0.7958984375 0.111328125 0.1142578125
3 0.056640625 0.4375 0.109375 0.1064453125
2 0.3662109375 0.9638671875 0.126953125 0.0703125
3 0.197265625 0.869140625 0.126953125 0.130859375
3 0.2314453125 0.5908203125 0.203125 0.2109375
3 0.0400390625 0.50390625 0.078125 0.130859375
3 0.294921875 0.7099609375 0.130859375 0.1328125
2 0.349609375 0.63671875 0.134765625 0.1298828125
3 0.3505859375 0.638671875 0.1328125 0.1279296875
2 0.060546875 0.0380859375 0.1201171875 0.0751953125
3 0.076171875 0.978515625 0.1201171875 0.0419921875
1 0.4873046875 0.8330078125 0.1279296875 0.130859375
2 0.810546875 0.8232421875 0.1435546875 0.154296875
2 0.552734375 0.9658203125 0.0986328125 0.0673828125
0 0.4599609375 0.8671875 0.1875 0.2080078125
3 0.013671875 0.37109375 0.02734375 0.15625
2 0.6572265625 0.681640625 0.0439453125 0.0439453125
2 0.962890625 0.806640625 0.0732421875 0.1064453125
2 0.908203125 0.03125 0.1826171875 0.0625
3 0.0244140625 0.9580078125 0.046875 0.080078125
0 0.115234375 0.216796875 0.228515625 0.291015625
3 0.0107421875 0.5791015625 0.021484375 0.134765625