3 0.4931640625 0.048828125 0.130859375 0.0966796875
3 0.2646484375 0.60546875 0.1591796875 0.1533203125
3 0.296875 0.310546875 0.1279296875 0.126953125
3 0.08984375 0.208984375 0.130859375 0.1298828125
3 0.0498046875 0.662109375 0.099609375 0.119140625
3 0.416015625 0.400390625 0.1279296875 0.107421875
3 0.5244140625 0.7119140625 0.1171875 0.107421875
3 0.3447265625 0.234375 0.1171875 0.119140625
3 0.685546875 0.056640625 0.142578125 0.1123046875
3 0.4404296875 0.099609375 0.123046875 0.1279296875
3 0.837890625 0.3017578125 0.1201171875 0.1123046875
3 0.908203125 0.2373046875 0.125 0.1220703125
3 0.521484375 0.2607421875 0.1142578125 0.115234375
3 0.220703125 0.67578125 0.1220703125 0.123046875
3 0.9443359375 0.884765625 0.111328125 0.134765625
3 0.2373046875 0.3818359375 0.125 0.125
3 0.0419921875 0.943359375 0.0830078125 0.109375
3 0.5517578125 0.9482421875 0.103515625 0.1015625
3 0.474609375 0.330078125 0.1171875 0.119140625
3 0.623046875 0.1201171875 0.1220703125 0.107421875
3 0.384765625 0.166015625 0.119140625 0.1201171875
3 0.3759765625 0.4794921875 0.1279296875 0.1201171875
3 0.19140625 0.064453125 0.1328125 0.125
3 0.13671875 0.515625 0.125 0.1279296875
3 0.142578125 0.14453125 0.1142578125 0.109375
3 0.6484375 0.8017578125 0.123046875 0.1171875
3 0.052734375 0.271484375 0.1044921875 0.134765625
3 0.0869140625 0.59375 0.1142578125 0.1201171875
3 0.701171875 0.7333984375 0.1201171875 0.1142578125
3 0.6005859375 0.8740234375 0.1171875 0.1142578125
3 0.3583984375 0.9189453125 0.103515625 0.103515625
3 0.8837890625 0.8408203125 0.1201171875 0.125
3 0.3212890625 0.5419921875 0.1298828125 0.1279296875
3 0.4716796875 0.783203125 0.150390625 0.1484375
3 0.5849609375 0.65625 0.158203125 0.150390625
3 0.0693359375 0.892578125 0.123046875 0.119140625
3 0.5703125 0.1865234375 0.1171875 0.1171875
3 0.30859375 0.9619140625 0.13671875 0.076171875
3 0.673828125 0.4892578125 0.109375 0.109375
3 0.0380859375 0.0546875 0.076171875 0.107421875
3 0.6181640625 0.572265625 0.1328125 0.134765625
3 0.4765625 0.97265625 0.1435546875 0.0546875
3 0.955078125 0.166015625 0.087890625 0.140625
3 0.0263671875 0.3525390625 0.052734375 0.126953125
3 0.1943359375 0.4462890625 0.115234375 0.1171875
3 0.955078125 0.625 0.087890625 0.126953125
1 0.7490234375 0.416015625 0.1767578125 0.171875
3 0.060546875 0.0244140625 0.1123046875 0.048828125
3 0.802734375 0.923828125 0.0888671875 0.09375
3 0.7265625 0.4287109375 0.119140625 0.1142578125
3 0.408203125 0.849609375 0.1123046875 0.1171875
3 0.0185546875 0.1357421875 0.037109375 0.123046875
3 0.8603515625 0.583984375 0.109375 0.1142578125
3 0.1787109375 0.763671875 0.134765625 0.1328125
1 0.85546875 0.955078125 0.111328125 0.087890625
3 0.1171875 0.8212890625 0.1279296875 0.1201171875
3 0.751953125 0.416015625 0.1689453125 0.166015625
3 0.763671875 0.9765625 0.1171875 0.046875
3 0.982421875 0.9306640625 0.033203125 0.138671875
3 0.4267578125 0.2900390625 0.0703125 0.0732421875
3 0.4482421875 0.7685546875 0.09375 0.109375
3 0.8349609375 0.935546875 0.1611328125 0.1220703125
3 0.9873046875 0.6796875 0.0234375 0.1376953125
1 0.7392578125 0.583984375 0.0908203125 0.099609375
1 0.033203125 0.7451171875 0.06640625 0.150390625
1 0.833984375 0.935546875 0.158203125 0.1279296875
1 0.7705078125 0.6455078125 0.1142578125 0.1123046875
3 0.1435546875 0.7783203125 0.205078125 0.2158203125
3 0.6083984375 0.5966796875 0.099609375 0.087890625
3 0.744140625 0.6259765625 0.1767578125 0.1904296875
3 0.974609375 0.41796875 0.048828125 0.1220703125
1 0.7470703125 0.6201171875 0.166015625 0.1767578125
3 0.0078125 0.720703125 0.015625 0.111328125
3 0.7392578125 0.5830078125 0.095703125 0.1015625
3 0.23828125 0.029296875 0.13671875 0.05859375
1 0.115234375 0.720703125 0.0859375 0.0966796875
3 0.5849609375 0.0078125 0.1064453125 0.013671875