3 0.2802734375 0.943359375 0.146484375 0.1123046875
3 0.9384765625 0.07421875 0.123046875 0.1142578125
3 0.7119140625 0.9111328125 0.130859375 0.1142578125
3 0.693359375 0.1103515625 0.181640625 0.181640625
3 0.6611328125 0.818359375 0.166015625 0.1640625
3 0.4775390625 0.494140625 0.134765625 0.126953125
3 0.568359375 0.9521484375 0.1142578125 0.09375
1 0.5244140625 0.099609375 0.107421875 0.0966796875
3 0.9287109375 0.828125 0.140625 0.1279296875
3 0.521484375 0.58203125 0.142578125 0.1328125
3 0.900390625 0.0322265625 0.1357421875 0.0625
3 0.173828125 0.7080078125 0.138671875 0.1064453125
3 0.2724609375 0.43359375 0.1279296875 0.1044921875
3 0.513671875 0.849609375 0.154296875 0.1513671875
3 0.296875 0.4833984375 0.1064453125 0.087890625
3 0.5517578125 0.158203125 0.1376953125 0.125
3 0.0439453125 0.427734375 0.087890625 0.154296875
3 0.123046875 0.6328125 0.125 0.1015625
3 0.7529296875 0.212890625 0.140625 0.1357421875
3 0.33984375 0.5576171875 0.15625 0.154296875
3 0.4111328125 0.388671875 0.1845703125 0.1796875
3 0.056640625 0.501953125 0.1123046875 0.107421875
1 0.7783203125 0.5419921875 0.1201171875 0.109375
3 0.6044921875 0.228515625 0.1611328125 0.1435546875
3 0.6376953125 0.3037109375 0.140625 0.1171875
3 0.4609375 0.021484375 0.15625 0.0419921875
3 0.650390625 0.384765625 0.115234375 0.103515625
3 0.970703125 0.142578125 0.0576171875 0.1064453125
3 0.951171875 0.6474609375 0.0966796875 0.1904296875
3 0.3671875 0.2919921875 0.126953125 0.109375
3 0.0458984375 0.03125 0.0908203125 0.060546875
3 0.43359375 0.41796875 0.1279296875 0.119140625
3 0.6181640625 0.04296875 0.1748046875 0.0859375
3 0.46875 0.0458984375 0.173828125 0.091796875
3 0.3896484375 0.6513671875 0.154296875 0.138671875
3 0.421875 0.5546875 0.060546875 0.0595703125
3 0.603515625 0.0205078125 0.173828125 0.0390625
3 0.189453125 0.0166015625 0.111328125 0.03125
3 0.033203125 0.7255859375 0.06640625 0.134765625
3 0.337890625 0.9794921875 0.1533203125 0.041015625
3 0.9140625 0.513671875 0.169921875 0.171875
3 0.984375 0.228515625 0.03125 0.154296875
3 0.3984375 0.3583984375 0.146484375 0.1123046875
3 0.2001953125 0.0283203125 0.138671875 0.0546875
3 0.20703125 0.9833984375 0.1142578125 0.033203125
3 0.3271484375 0.2275390625 0.142578125 0.1328125
1 0.271484375 0.146484375 0.1484375 0.1279296875
3 0.2197265625 0.830078125 0.2060546875 0.228515625
3 0.6376953125 0.787109375 0.111328125 0.09375
3 0.462890625 0.791015625 0.109375 0.083984375
3 0.587890625 0.724609375 0.15625 0.1376953125
3 0.0849609375 0.802734375 0.1689453125 0.2998046875
3 0.6650390625 0.41015625 0.1611328125 0.166015625
3 0.220703125 0.0595703125 0.0654296875 0.0673828125
0 0.857421875 0.62109375 0.2841796875 0.3984375
3 0.240234375 0.8828125 0.1455078125 0.119140625
3 0.673828125 0.19921875 0.310546875 0.337890625
3 0.271484375 0.1474609375 0.150390625 0.1328125
3 0.9853515625 0.9814453125 0.025390625 0.037109375
3 0.8486328125 0.6708984375 0.2236328125 0.2939453125
3 0.560546875 0.658203125 0.126953125 0.1220703125
3 0.173828125 0.244140625 0.142578125 0.111328125
3 0.189453125 0.755859375 0.1142578125 0.0830078125
3 0.8994140625 0.478515625 0.1171875 0.087890625
3 0.078125 0.5693359375 0.15625 0.1484375
3 0.1015625 0.1142578125 0.203125 0.228515625
3 0.98046875 0.7822265625 0.0390625 0.123046875
0 0.2099609375 0.216796875 0.408203125 0.4326171875
3 0.6865234375 0.439453125 0.1142578125 0.1015625
3 0.2119140625 0.810546875 0.1640625 0.134765625
3 0.2646484375 0.279296875 0.333984375 0.314453125
3 0.8779296875 0.744140625 0.1611328125 0.140625
3 0.8173828125 0.615234375 0.1513671875 0.1513671875