3 0.8671875 0.1103515625 0.1328125 0.123046875
3 0.92578125 0.259765625 0.1298828125 0.1201171875
3 0.4873046875 0.0947265625 0.126953125 0.140625
3 0.1875 0.359375 0.130859375 0.1748046875
3 0.083984375 0.068359375 0.115234375 0.1201171875
3 0.505859375 0.701171875 0.123046875 0.1376953125
3 0.8125 0.173828125 0.1513671875 0.1357421875
3 0.6025390625 0.669921875 0.125 0.125
3 0.6728515625 0.6103515625 0.1376953125 0.134765625
3 0.287109375 0.39453125 0.087890625 0.123046875
3 0.5595703125 0.1689453125 0.126953125 0.115234375
3 0.3154296875 0.5947265625 0.091796875 0.1064453125
3 0.216796875 0.1591796875 0.1171875 0.130859375
3 0.4130859375 0.9287109375 0.0625 0.087890625
3 0.4169921875 0.7412109375 0.119140625 0.1357421875
3 0.55859375 0.5107421875 0.115234375 0.1201171875
3 0.7529296875 0.5322265625 0.1435546875 0.1484375
3 0.220703125 0.736328125 0.060546875 0.091796875
3 0.12109375 0.9462890625 0.080078125 0.0986328125
3 0.0986328125 0.28125 0.1669921875 0.1875
3 0.119140625 0.5615234375 0.1220703125 0.0830078125
3 0.4208984375 0.0556640625 0.1357421875 0.111328125
3 0.4140625 0.59375 0.107421875 0.1220703125
3 0.48828125 0.552734375 0.109375 0.111328125
3 0.6533203125 0.041015625 0.107421875 0.0810546875
3 0.201171875 0.947265625 0.0673828125 0.1044921875
3 0.900390625 0.046875 0.107421875 0.09375
3 0.9638671875 0.197265625 0.072265625 0.0966796875
2 0.875 0.9501953125 0.248046875 0.099609375
3 0.8720703125 0.345703125 0.123046875 0.1298828125
3 0.1513671875 0.111328125 0.115234375 0.123046875
3 0.3388671875 0.2421875 0.1171875 0.126953125
3 0.408203125 0.28125 0.1171875 0.1328125
3 0.6220703125 0.9287109375 0.0732421875 0.0732421875
3 0.2529296875 0.28515625 0.0419921875 0.046875
3 0.611328125 0.0869140625 0.109375 0.1123046875
3 0.970703125 0.10546875 0.0576171875 0.0830078125
3 0.94140625 0.0166015625 0.1064453125 0.033203125
3 0.5263671875 0.916015625 0.1298828125 0.1455078125
3 0.8330078125 0.587890625 0.1201171875 0.1376953125
3 0.134765625 0.638671875 0.1142578125 0.1064453125
3 0.689453125 0.861328125 0.123046875 0.1611328125
3 0.693359375 0.484375 0.1298828125 0.1376953125
3 0.802734375 0.314453125 0.119140625 0.1220703125
3 0.0478515625 0.919921875 0.09375 0.115234375
3 0.35546875 0.029296875 0.125 0.05859375
3 0.6015625 0.87109375 0.0908203125 0.087890625
3 0.732421875 0.259765625 0.125 0.123046875
3 0.275390625 0.1982421875 0.1298828125 0.1298828125
3 0.9814453125 0.451171875 0.037109375 0.1328125
3 0.9228515625 0.662109375 0.154296875 0.1875
3 0.623046875 0.4326171875 0.1298828125 0.142578125
3 0.798828125 0.763671875 0.212890625 0.1904296875
3 0.2890625 0.724609375 0.0625 0.0986328125
3 0.4638671875 0.341796875 0.150390625 0.150390625
3 0.1552734375 0.740234375 0.0625 0.087890625
3 0.0341796875 0.17578125 0.068359375 0.125
2 0.7998046875 0.763671875 0.2138671875 0.1923828125
3 0.271484375 0.935546875 0.0732421875 0.0908203125
3 0.44140625 0.2958984375 0.193359375 0.162109375
3 0.837890625 0.736328125 0.1298828125 0.1328125
3 0.3466796875 0.93359375 0.0703125 0.0888671875
1 0.271484375 0.935546875 0.0751953125 0.087890625
3 0.9111328125 0.630859375 0.1171875 0.1220703125
2 0.921875 0.662109375 0.15625 0.1845703125
3 0.03515625 0.05859375 0.0703125 0.1171875
3 0.65234375 0.8759765625 0.201171875 0.203125
3 0.7646484375 0.78515625 0.1376953125 0.140625
1 0.345703125 0.93359375 0.068359375 0.091796875
3 0.234375 0.5078125 0.0625 0.0673828125
3 0.9931640625 0.04296875 0.0126953125 0.0859375
3 0.951171875 0.6767578125 0.09375 0.150390625
3 0.69140625 0.0185546875 0.125 0.0361328125
3 0.333984375 0.75 0.033203125 0.0546875
3 0.0205078125 0.861328125 0.041015625 0.1201171875
3 0.318359375 0.7958984375 0.056640625 0.0390625