3 0.443359375 0.3408203125 0.1376953125 0.130859375
3 0.4990234375 0.271484375 0.1484375 0.140625
3 0.8251953125 0.07421875 0.1640625 0.1484375
3 0.26171875 0.189453125 0.1435546875 0.134765625
3 0.669921875 0.2802734375 0.1279296875 0.123046875
3 0.111328125 0.4111328125 0.1171875 0.107421875
3 0.517578125 0.4921875 0.1279296875 0.1220703125
3 0.306640625 0.11328125 0.146484375 0.1357421875
3 0.4599609375 0.5576171875 0.158203125 0.1376953125
3 0.373046875 0.064453125 0.15625 0.12890625
3 0.2978515625 0.703125 0.1298828125 0.1279296875
3 0.0380859375 0.177734375 0.076171875 0.1533203125
3 0.5771484375 0.4296875 0.1015625 0.103515625
3 0.15625 0.6083984375 0.1484375 0.1611328125
3 0.2265625 0.6494140625 0.138671875 0.130859375
3 0.6982421875 0.630859375 0.1328125 0.125
3 0.638671875 0.060546875 0.1220703125 0.1201171875
3 0.8193359375 0.7109375 0.1435546875 0.1279296875
3 0.1513671875 0.107421875 0.138671875 0.125
3 0.791015625 0.4814453125 0.1279296875 0.1220703125
3 0.6123046875 0.3447265625 0.150390625 0.142578125
3 0.2470703125 0.8984375 0.134765625 0.142578125
3 0.5390625 0.1943359375 0.1201171875 0.119140625
3 0.1748046875 0.345703125 0.115234375 0.109375
3 0.9248046875 0.5703125 0.1357421875 0.125
3 0.6396484375 0.9326171875 0.1328125 0.1328125
3 0.779296875 0.1494140625 0.1298828125 0.1123046875
3 0.890625 0.66015625 0.1142578125 0.111328125
3 0.076171875 0.5068359375 0.119140625 0.0908203125
3 0.57421875 0.11328125 0.0888671875 0.095703125
3 0.3564453125 0.94921875 0.1484375 0.1015625
3 0.2197265625 0.267578125 0.1357421875 0.1328125
3 0.744140625 0.55859375 0.1328125 0.1357421875
3 0.958984375 0.509765625 0.080078125 0.1220703125
3 0.41796875 0.0224609375 0.125 0.044921875
3 0.73828125 0.224609375 0.111328125 0.107421875
3 0.6328125 0.6953125 0.0966796875 0.0908203125
3 0.9404296875 0.2724609375 0.119140625 0.1201171875
3 0.3271484375 0.4765625 0.1015625 0.095703125
1 0.16796875 0.8603515625 0.1328125 0.140625
3 0.3876953125 0.751953125 0.091796875 0.1044921875
3 0.7001953125 0.9658203125 0.119140625 0.068359375
3 0.884765625 0.0361328125 0.125 0.0703125
3 0.97265625 0.822265625 0.0546875 0.1220703125
3 0.052734375 0.7568359375 0.1044921875 0.1767578125
3 0.69140625 0.0185546875 0.1220703125 0.037109375
3 0.384765625 0.400390625 0.134765625 0.1357421875
1 0.771484375 0.78515625 0.125 0.119140625
3 0.9716796875 0.2041015625 0.056640625 0.119140625
3 0.560546875 0.900390625 0.115234375 0.1279296875
3 0.9326171875 0.91796875 0.134765625 0.1640625
3 0.48828125 0.8505859375 0.140625 0.1435546875
3 0.830078125 0.62109375 0.087890625 0.091796875
3 0.0185546875 0.326171875 0.037109375 0.0576171875
1 0.197265625 0.048828125 0.1201171875 0.0966796875
1 0.103515625 0.814453125 0.125 0.1220703125
3 0.1044921875 0.810546875 0.125 0.125
3 0.02734375 0.978515625 0.0546875 0.0419921875
3 0.7705078125 0.78515625 0.123046875 0.115234375
3 0.01171875 0.4951171875 0.0234375 0.064453125
3 0.8037109375 0.986328125 0.123046875 0.0263671875
1 0.3837890625 0.400390625 0.1357421875 0.138671875
1 0.9384765625 0.2734375 0.123046875 0.125
3 0.197265625 0.0498046875 0.125 0.099609375
3 0.9912109375 0.4443359375 0.015625 0.134765625
3 0.9033203125 0.3466796875 0.138671875 0.1357421875
3 0.03515625 0.0087890625 0.0703125 0.017578125
3 0.8525390625 0.41015625 0.162109375 0.1513671875
3 0.5634765625 0.021484375 0.0986328125 0.0419921875