3 0.9033203125 0.123046875 0.1298828125 0.1513671875
3 0.775390625 0.5595703125 0.1201171875 0.134765625
3 0.4267578125 0.318359375 0.126953125 0.154296875
3 0.9033203125 0.685546875 0.1533203125 0.150390625
3 0.60546875 0.701171875 0.119140625 0.1357421875
1 0.421875 0.755859375 0.0703125 0.0751953125
3 0.4697265625 0.384765625 0.1064453125 0.1279296875
3 0.158203125 0.8984375 0.1171875 0.150390625
3 0.830078125 0.095703125 0.0966796875 0.1064453125
3 0.8056640625 0.3525390625 0.109375 0.1171875
3 0.7646484375 0.0439453125 0.1123046875 0.087890625
3 0.375 0.5419921875 0.1064453125 0.1171875
3 0.54296875 0.6689453125 0.1171875 0.1484375
3 0.5732421875 0.1953125 0.1044921875 0.1123046875
3 0.724609375 0.5087890625 0.138671875 0.166015625
3 0.2734375 0.7578125 0.107421875 0.1279296875
3 0.427734375 0.5810546875 0.107421875 0.1123046875
3 0.92578125 0.431640625 0.1279296875 0.142578125
3 0.3935546875 0.8271484375 0.1015625 0.107421875
3 0.314453125 0.5087890625 0.1123046875 0.1279296875
3 0.3486328125 0.2998046875 0.125 0.1435546875
3 0.103515625 0.3916015625 0.1376953125 0.1513671875
3 0.95703125 0.6240234375 0.083984375 0.1201171875
3 0.244140625 0.478515625 0.1298828125 0.1533203125
3 0.2177734375 0.708984375 0.1123046875 0.1220703125
3 0.955078125 0.1728515625 0.0859375 0.1220703125
3 0.44921875 0.8701171875 0.107421875 0.1123046875
3 0.75390625 0.306640625 0.107421875 0.119140625
3 0.599609375 0.9443359375 0.1357421875 0.111328125
3 0.3369140625 0.791015625 0.0986328125 0.1044921875
3 0.2041015625 0.224609375 0.1591796875 0.166015625
3 0.046875 0.837890625 0.09375 0.162109375
3 0.6474609375 0.4990234375 0.1201171875 0.138671875
3 0.287109375 0.9482421875 0.0986328125 0.099609375
3 0.6240234375 0.236328125 0.095703125 0.1123046875
3 0.453125 0.1220703125 0.109375 0.1142578125
3 0.099609375 0.857421875 0.1171875 0.138671875
3 0.072265625 0.111328125 0.1298828125 0.1669921875
1 0.935546875 0.9404296875 0.126953125 0.1171875
3 0.34765625 0.98046875 0.087890625 0.0390625
3 0.826171875 0.6162109375 0.1201171875 0.134765625
3 0.1337890625 0.1611328125 0.138671875 0.166015625
3 0.9833984375 0.236328125 0.033203125 0.1484375
3 0.8603515625 0.396484375 0.119140625 0.1328125
3 0.0478515625 0.3330078125 0.09375 0.138671875
3 0.95703125 0.873046875 0.0859375 0.107421875
3 0.8935546875 0.9716796875 0.107421875 0.056640625
3 0.7001953125 0.271484375 0.083984375 0.083984375
3 0.708984375 0.7939453125 0.15625 0.201171875
3 0.5283203125 0.884765625 0.138671875 0.1796875
3 0.240234375 0.052734375 0.1142578125 0.1044921875
3 0.5791015625 0.4736328125 0.109375 0.1171875
1 0.314453125 0.689453125 0.087890625 0.0908203125
3 0.4833984375 0.6416015625 0.125 0.15625
3 0.2080078125 0.607421875 0.060546875 0.0576171875
3 0.2099609375 0.94140625 0.080078125 0.0810546875
3 0.158203125 0.6279296875 0.1689453125 0.181640625
3 0.505859375 0.1865234375 0.125 0.1748046875
3 0.8056640625 0.978515625 0.1220703125 0.0419921875
3 0.6708984375 0.021484375 0.130859375 0.04296875
3 0.017578125 0.294921875 0.0341796875 0.1357421875
3 0.935546875 0.94140625 0.1279296875 0.1171875
3 0.02734375 0.08203125 0.052734375 0.1533203125
3 0.3212890625 0.060546875 0.1279296875 0.1201171875
3 0.89453125 0.0234375 0.1279296875 0.046875
3 0.9697265625 0.4580078125 0.060546875 0.115234375
3 0.9853515625 0.5361328125 0.0283203125 0.169921875
1 0.962890625 0.462890625 0.072265625 0.1220703125
3 0.0078125 0.78515625 0.015625 0.111328125
3 0.134765625 0.6533203125 0.111328125 0.1142578125
3 0.9912109375 0.8154296875 0.015625 0.125
1 0.318359375 0.0615234375 0.123046875 0.123046875
3 0.9521484375 0.0341796875 0.095703125 0.068359375
3 0.51953125 0.8974609375 0.1123046875 0.111328125
3 0.517578125 0.439453125 0.1171875 0.115234375
3 0.0322265625 0.5693359375 0.0625 0.15625
1 0.9248046875 0.4296875 0.1328125 0.140625
3 0.5517578125 0.353515625 0.0576171875 0.0703125
3 0.607421875 0.3193359375 0.0517578125 0.0546875
3 0.779296875 0.8212890625 0.0830078125 0.083984375
3 0.662109375 0.7451171875 0.1298828125 0.140625
3 0.056640625 0.9345703125 0.083984375 0.080078125
1 0.6806640625 0.716796875 0.0830078125 0.0810546875
3 0.025390625 0.9814453125 0.0498046875 0.037109375