3 0.05078125 0.5126953125 0.099609375 0.1328125
3 0.330078125 0.2021484375 0.1171875 0.1220703125
3 0.1962890625 0.544921875 0.1455078125 0.1455078125
3 0.22265625 0.33203125 0.1484375 0.1455078125
3 0.142578125 0.380859375 0.1123046875 0.1123046875
3 0.5556640625 0.177734375 0.142578125 0.1357421875
3 0.390625 0.134765625 0.1142578125 0.1064453125
3 0.326171875 0.4306640625 0.1044921875 0.1064453125
3 0.5361328125 0.5234375 0.107421875 0.1064453125
3 0.451171875 0.080078125 0.140625 0.1513671875
3 0.439453125 0.2958984375 0.1298828125 0.1279296875
3 0.482421875 0.580078125 0.126953125 0.1220703125
3 0.095703125 0.451171875 0.1298828125 0.1298828125
3 0.681640625 0.0546875 0.1298828125 0.109375
3 0.072265625 0.67578125 0.126953125 0.1279296875
3 0.259765625 0.48828125 0.109375 0.1064453125
3 0.357421875 0.712890625 0.1220703125 0.126953125
3 0.2705078125 0.2646484375 0.1220703125 0.1142578125
3 0.5986328125 0.4697265625 0.1142578125 0.1123046875
3 0.30078125 0.78125 0.1298828125 0.1298828125
3 0.1572265625 0.052734375 0.138671875 0.103515625
3 0.6689453125 0.416015625 0.1376953125 0.1376953125
3 0.4267578125 0.6494140625 0.146484375 0.1435546875
3 0.69921875 0.5556640625 0.1484375 0.1484375
3 0.7705078125 0.5087890625 0.130859375 0.1298828125
3 0.720703125 0.3359375 0.1123046875 0.1142578125
2 0.8701171875 0.853515625 0.259765625 0.2392578125
3 0.654296875 0.630859375 0.099609375 0.103515625
3 0.1025390625 0.111328125 0.1044921875 0.1064453125
3 0.345703125 0.9423828125 0.1142578125 0.1142578125
3 0.0390625 0.0419921875 0.078125 0.083984375
1 0.7744140625 0.279296875 0.119140625 0.111328125
1 0.3837890625 0.365234375 0.109375 0.115234375
3 0.244140625 0.8388671875 0.130859375 0.1357421875
3 0.6279296875 0.103515625 0.1201171875 0.1220703125
3 0.423828125 0.775390625 0.0751953125 0.0732421875
3 0.181640625 0.900390625 0.1357421875 0.1298828125
3 0.5126953125 0.0390625 0.1220703125 0.076171875
3 0.228515625 0.0205078125 0.1357421875 0.041015625
3 0.134765625 0.6123046875 0.1044921875 0.107421875
3 0.2724609375 0.96875 0.134765625 0.0625
3 0.0458984375 0.9833984375 0.0888671875 0.033203125
3 0.8212890625 0.431640625 0.134765625 0.142578125
3 0.525390625 0.7587890625 0.1064453125 0.1044921875
2 0.8203125 0.431640625 0.1376953125 0.142578125
3 0.8544921875 0.2216796875 0.138671875 0.1376953125
3 0.5830078125 0.0205078125 0.1484375 0.0390625
3 0.3828125 0.8955078125 0.0576171875 0.0576171875
2 0.8544921875 0.2197265625 0.1455078125 0.138671875
3 0.013671875 0.5673828125 0.0263671875 0.125
2 0.9794921875 0.955078125 0.041015625 0.0888671875
3 0.962890625 0.072265625 0.0703125 0.14453125
1 0.5888671875 0.6806640625 0.1533203125 0.1513671875
3 0.0224609375 0.240234375 0.044921875 0.1123046875
2 0.96875 0.6728515625 0.060546875 0.0830078125
3 0.509765625 0.234375 0.091796875 0.0888671875
2 0.9345703125 0.298828125 0.130859375 0.1513671875
2 0.9560546875 0.740234375 0.0859375 0.087890625
3 0.041015625 0.7451171875 0.0810546875 0.138671875
3 0.052734375 0.1796875 0.099609375 0.103515625
2 0.525390625 0.759765625 0.1064453125 0.1044921875
2 0.716796875 0.9775390625 0.099609375 0.044921875
2 0.6904296875 0.9541015625 0.158203125 0.091796875
2 0.939453125 0.9267578125 0.1201171875 0.1455078125
3 0.0927734375 0.5791015625 0.060546875 0.0625
2 0.9619140625 0.076171875 0.076171875 0.15234375
2 0.9619140625 0.9501953125 0.076171875 0.0986328125
3 0.4111328125 0.8779296875 0.091796875 0.0830078125
3 0.115234375 0.943359375 0.1328125 0.111328125
3 0.466796875 0.81640625 0.1064453125 0.1064453125
2 0.623046875 0.9443359375 0.2392578125 0.109375