3 0.1337890625 0.6044921875 0.1298828125 0.1357421875
3 0.0634765625 0.650390625 0.125 0.1357421875
3 0.529296875 0.279296875 0.1484375 0.1435546875
3 0.412109375 0.3994140625 0.1328125 0.130859375
3 0.4736328125 0.3408203125 0.1328125 0.126953125
3 0.869140625 0.16796875 0.138671875 0.1328125
3 0.404296875 0.654296875 0.125 0.1220703125
3 0.265625 0.7578125 0.138671875 0.1455078125
3 0.7421875 0.279296875 0.142578125 0.1357421875
3 0.052734375 0.884765625 0.1044921875 0.1328125
3 0.4638671875 0.5869140625 0.1357421875 0.140625
3 0.2099609375 0.5634765625 0.142578125 0.1484375
3 0.345703125 0.4541015625 0.1357421875 0.130859375
3 0.0576171875 0.1201171875 0.1142578125 0.150390625
3 0.638671875 0.412109375 0.1220703125 0.1171875
3 0.806640625 0.2236328125 0.1376953125 0.138671875
3 0.123046875 0.8505859375 0.119140625 0.1328125
3 0.341796875 0.703125 0.1376953125 0.140625
3 0.5771484375 0.4638671875 0.138671875 0.140625
3 0.513671875 0.521484375 0.134765625 0.1376953125
3 0.701171875 0.3525390625 0.1171875 0.1142578125
3 0.2802734375 0.513671875 0.1533203125 0.1513671875
3 0.2802734375 0.169921875 0.1435546875 0.150390625
3 0.6416015625 0.162109375 0.1376953125 0.1357421875
3 0.791015625 0.9609375 0.1640625 0.078125
3 0.1982421875 0.8115234375 0.109375 0.1171875
3 0.087890625 0.0595703125 0.1376953125 0.1171875
3 0.9453125 0.8271484375 0.109375 0.1748046875
3 0.5068359375 0.9228515625 0.185546875 0.154296875
3 0.35546875 0.1142578125 0.1435546875 0.138671875
3 0.93359375 0.1064453125 0.1279296875 0.1220703125
3 0.8525390625 0.8837890625 0.1904296875 0.201171875
3 0.634765625 0.845703125 0.1953125 0.185546875
3 0.576171875 0.220703125 0.107421875 0.107421875
3 0.212890625 0.2421875 0.154296875 0.1591796875
2 0.794921875 0.6650390625 0.158203125 0.158203125
3 0.1435546875 0.30078125 0.1484375 0.162109375
2 0.9111328125 0.48828125 0.177734375 0.2529296875
3 0.794921875 0.6630859375 0.15625 0.158203125
3 0.03125 0.203125 0.0625 0.154296875
3 0.0283203125 0.7080078125 0.056640625 0.140625
3 0.4169921875 0.0625 0.2109375 0.125
3 0.708984375 0.1103515625 0.1298828125 0.1357421875
3 0.939453125 0.025390625 0.076171875 0.0498046875
3 0.029296875 0.404296875 0.0576171875 0.1298828125
3 0.7021484375 0.7373046875 0.15625 0.1533203125
3 0.904296875 0.76171875 0.1171875 0.1201171875
2 0.37109375 0.97265625 0.1455078125 0.0546875
3 0.9755859375 0.0556640625 0.048828125 0.0810546875
3 0.3740234375 0.97265625 0.154296875 0.0546875
3 0.009765625 0.916015625 0.0185546875 0.111328125
2 0.748046875 0.7060546875 0.265625 0.2421875
3 0.1318359375 0.0224609375 0.1328125 0.0439453125
3 0.833984375 0.0234375 0.111328125 0.046875
3 0.013671875 0.69921875 0.0263671875 0.1298828125
2 0.958984375 0.4716796875 0.0810546875 0.2001953125
3 0.205078125 0.6826171875 0.1044921875 0.091796875
3 0.828125 0.7490234375 0.037109375 0.0341796875
3 0.064453125 0.365234375 0.1201171875 0.115234375
2 0.9755859375 0.6630859375 0.046875 0.0908203125
1 0.419921875 0.064453125 0.2109375 0.125
1 0.384765625 0.0361328125 0.1455078125 0.072265625