3 0.30859375 0.513671875 0.125 0.1298828125
3 0.5244140625 0.0576171875 0.166015625 0.115234375
3 0.228515625 0.5390625 0.1279296875 0.166015625
3 0.7900390625 0.3828125 0.109375 0.1767578125
3 0.5849609375 0.44140625 0.1328125 0.123046875
3 0.236328125 0.376953125 0.1298828125 0.1171875
3 0.81640625 0.64453125 0.080078125 0.1201171875
3 0.978515625 0.806640625 0.0419921875 0.111328125
3 0.2548828125 0.060546875 0.111328125 0.12109375
3 0.166015625 0.2001953125 0.1279296875 0.076171875
3 0.9013671875 0.6298828125 0.1015625 0.130859375
3 0.9580078125 0.3935546875 0.0703125 0.142578125
3 0.728515625 0.6630859375 0.1044921875 0.1376953125
3 0.154296875 0.818359375 0.1298828125 0.1513671875
3 0.447265625 0.166015625 0.1328125 0.1044921875
3 0.0478515625 0.0703125 0.095703125 0.107421875
3 0.9189453125 0.814453125 0.0859375 0.09375
3 0.380859375 0.0341796875 0.146484375 0.068359375
3 0.6630859375 0.154296875 0.1015625 0.1689453125
3 0.3017578125 0.1904296875 0.126953125 0.0654296875
3 0.095703125 0.3662109375 0.1171875 0.0830078125
3 0.376953125 0.0693359375 0.091796875 0.060546875
3 0.697265625 0.4072265625 0.1064453125 0.130859375
3 0.4814453125 0.693359375 0.1044921875 0.111328125
3 0.5693359375 0.2041015625 0.0732421875 0.1376953125
1 0.65234375 0.6806640625 0.0908203125 0.150390625
3 0.5 0.759765625 0.0810546875 0.0595703125
3 0.306640625 0.9521484375 0.123046875 0.09375
3 0.642578125 0.837890625 0.1064453125 0.111328125
3 0.87890625 0.4072265625 0.080078125 0.1015625
3 0.9755859375 0.6259765625 0.048828125 0.1015625
3 0.373046875 0.375 0.130859375 0.1123046875
3 0.306640625 0.7607421875 0.1015625 0.119140625
3 0.9853515625 0.208984375 0.029296875 0.1513671875
3 0.0791015625 0.9365234375 0.154296875 0.125
3 0.7607421875 0.1474609375 0.1220703125 0.1484375
3 0.423828125 0.494140625 0.1484375 0.1279296875
3 0.236328125 0.7802734375 0.087890625 0.103515625
3 0.7373046875 0.82421875 0.1044921875 0.119140625
3 0.9375 0.189453125 0.1220703125 0.15625
3 0.041015625 0.865234375 0.0810546875 0.1171875
3 0.37890625 0.90234375 0.1220703125 0.1376953125
3 0.8447265625 0.3154296875 0.0419921875 0.0654296875
3 0.828125 0.8193359375 0.095703125 0.0986328125
3 0.8408203125 0.166015625 0.099609375 0.1455078125
2 0.041015625 0.86328125 0.08203125 0.11328125
3 0.4765625 0.8876953125 0.123046875 0.130859375
3 0.16796875 0.037109375 0.11328125 0.07421875
3 0.724609375 0.4873046875 0.052734375 0.0419921875
3 0.0146484375 0.392578125 0.029296875 0.1328125
3 0.1416015625 0.556640625 0.123046875 0.146484375
3 0.396484375 0.720703125 0.109375 0.1044921875
3 0.048828125 0.181640625 0.0966796875 0.126953125
3 0.5634765625 0.673828125 0.1064453125 0.107421875
3 0.072265625 0.6015625 0.123046875 0.142578125
3 0.6474609375 0.20703125 0.052734375 0.0625
3 0.0234375 0.6376953125 0.046875 0.1767578125
1 0.0849609375 0.025390625 0.1015625 0.0498046875
3 0.5341796875 0.2763671875 0.1982421875 0.287109375
3 0.3154296875 0.134765625 0.0654296875 0.048828125
3 0.009765625 0.4248046875 0.0185546875 0.052734375
3 0.224609375 0.9736328125 0.119140625 0.052734375
3 0.9833984375 0.0341796875 0.033203125 0.0673828125
3 0.9755859375 0.986328125 0.048828125 0.0234375
3 0.556640625 0.8525390625 0.1044921875 0.1328125
3 0.16796875 0.146484375 0.0595703125 0.029296875
3 0.1103515625 0.5791015625 0.2001953125 0.1923828125