3 0.3642578125 0.126953125 0.1435546875 0.15625
3 0.775390625 0.0576171875 0.1171875 0.115234375
3 0.52734375 0.095703125 0.111328125 0.109375
3 0.193359375 0.48828125 0.1357421875 0.123046875
3 0.5498046875 0.3427734375 0.0966796875 0.095703125
3 0.41796875 0.505859375 0.1171875 0.109375
3 0.138671875 0.8642578125 0.1171875 0.1142578125
3 0.2822265625 0.0908203125 0.109375 0.1044921875
3 0.0400390625 0.9619140625 0.080078125 0.076171875
3 0.0517578125 0.361328125 0.0703125 0.0703125
3 0.119140625 0.6064453125 0.099609375 0.0986328125
3 0.4423828125 0.197265625 0.154296875 0.1669921875
3 0.095703125 0.92578125 0.107421875 0.1044921875
2 0.5576171875 0.8720703125 0.427734375 0.2548828125
3 0.201171875 0.044921875 0.123046875 0.0888671875
3 0.2919921875 0.693359375 0.1376953125 0.1220703125
3 0.5966796875 0.2822265625 0.1142578125 0.107421875
3 0.70703125 0.033203125 0.11328125 0.06640625
3 0.314453125 0.630859375 0.109375 0.1044921875
3 0.294921875 0.3408203125 0.185546875 0.1923828125
3 0.46875 0.0517578125 0.1064453125 0.099609375
3 0.5048828125 0.541015625 0.046875 0.0517578125
3 0.7060546875 0.2529296875 0.1298828125 0.1455078125
3 0.85546875 0.08984375 0.134765625 0.177734375
3 0.400390625 0.033203125 0.1298828125 0.0654296875
3 0.232421875 0.732421875 0.1044921875 0.0986328125
3 0.2275390625 0.2265625 0.076171875 0.0732421875
3 0.1611328125 0.279296875 0.1328125 0.1376953125
3 0.380859375 0.591796875 0.150390625 0.1484375
3 0.9423828125 0.0810546875 0.115234375 0.162109375
2 0.4501953125 0.66796875 0.140625 0.154296875
3 0.10546875 0.3212890625 0.083984375 0.0859375
3 0.142578125 0.533203125 0.142578125 0.1328125
3 0.3603515625 0.5712890625 0.1044921875 0.1015625
3 0.767578125 0.2890625 0.115234375 0.125
3 0.4482421875 0.6689453125 0.1435546875 0.1611328125
3 0.474609375 0.427734375 0.1533203125 0.1591796875
3 0.6552734375 0.013671875 0.1142578125 0.025390625
3 0.041015625 0.4404296875 0.0810546875 0.0986328125
3 0.4951171875 0.404296875 0.1044921875 0.1015625
3 0.185546875 0.974609375 0.0625 0.0498046875
1 0.041015625 0.689453125 0.0810546875 0.1279296875
3 0.048828125 0.099609375 0.0966796875 0.1533203125
3 0.2587890625 0.900390625 0.0966796875 0.099609375
3 0.1865234375 0.8095703125 0.107421875 0.1064453125
0 0.94140625 0.3037109375 0.1171875 0.2783203125
3 0.0166015625 0.5078125 0.033203125 0.1142578125
0 0.8583984375 0.484375 0.28125 0.6669921875
0 0.6953125 0.6201171875 0.337890625 0.296875
3 0.07421875 0.990234375 0.087890625 0.0185546875
1 0.1865234375 0.8095703125 0.111328125 0.1044921875
1 0.1748046875 0.197265625 0.0751953125 0.0732421875
1 0.646484375 0.201171875 0.1201171875 0.1357421875
3 0.123046875 0.013671875 0.1357421875 0.0263671875
3 0.095703125 0.39453125 0.072265625 0.0703125
3 0.412109375 0.6181640625 0.0888671875 0.09375
0 0.7568359375 0.5693359375 0.474609375 0.5498046875
3 0.27734375 0.376953125 0.1357421875 0.1123046875
3 0.1171875 0.51171875 0.0830078125 0.076171875
0 0.8583984375 0.40625 0.2734375 0.2939453125
3 0.0234375 0.7685546875 0.046875 0.1298828125
0 0.93359375 0.568359375 0.1328125 0.1669921875
3 0.9462890625 0.2509765625 0.107421875 0.146484375