3 0.244140625 0.875 0.158203125 0.1484375
3 0.353515625 0.115234375 0.1357421875 0.1328125
3 0.0869140625 0.4423828125 0.1689453125 0.1611328125
3 0.408203125 0.181640625 0.1298828125 0.1328125
3 0.326171875 0.36328125 0.166015625 0.146484375
3 0.2158203125 0.568359375 0.134765625 0.1220703125
3 0.87890625 0.1630859375 0.158203125 0.158203125
3 0.126953125 0.748046875 0.1455078125 0.130859375
3 0.57421875 0.060546875 0.1484375 0.12109375
3 0.8115234375 0.087890625 0.1513671875 0.140625
3 0.296875 0.724609375 0.130859375 0.1484375
3 0.2099609375 0.23046875 0.119140625 0.119140625
3 0.2978515625 0.9345703125 0.154296875 0.130859375
3 0.93359375 0.505859375 0.1328125 0.130859375
1 0.8173828125 0.6923828125 0.09375 0.0908203125
3 0.150390625 0.173828125 0.115234375 0.1064453125
3 0.3837890625 0.4306640625 0.1455078125 0.138671875
3 0.623046875 0.134765625 0.1201171875 0.115234375
3 0.267578125 0.30078125 0.134765625 0.1328125
3 0.4873046875 0.7705078125 0.1279296875 0.130859375
3 0.2275390625 0.033203125 0.150390625 0.0654296875
3 0.7216796875 0.78125 0.125 0.1328125
3 0.7587890625 0.0458984375 0.1533203125 0.091796875
3 0.150390625 0.5 0.1435546875 0.138671875
3 0.57421875 0.8779296875 0.1220703125 0.1220703125
3 0.642578125 0.830078125 0.115234375 0.1220703125
3 0.1103515625 0.09765625 0.119140625 0.1201171875
3 0.9501953125 0.349609375 0.0986328125 0.1171875
3 0.255859375 0.6455078125 0.1171875 0.1064453125
3 0.0546875 0.962890625 0.109375 0.0732421875
3 0.1796875 0.818359375 0.130859375 0.119140625
3 0.376953125 0.775390625 0.087890625 0.1298828125
3 0.0400390625 0.60546875 0.080078125 0.119140625
3 0.6123046875 0.646484375 0.1328125 0.150390625
3 0.54296875 0.7021484375 0.1220703125 0.1171875
3 0.69921875 0.548828125 0.1357421875 0.1357421875
3 0.0712890625 0.046875 0.142578125 0.09375
3 0.294921875 0.0517578125 0.1171875 0.103515625
3 0.9638671875 0.572265625 0.0703125 0.126953125
3 0.029296875 0.2958984375 0.0576171875 0.125
3 0.458984375 0.2607421875 0.103515625 0.109375
3 0.423828125 0.505859375 0.134765625 0.1376953125
3 0.7587890625 0.6298828125 0.1435546875 0.1279296875
3 0.5576171875 0.4033203125 0.1591796875 0.150390625
3 0.025390625 0.5322265625 0.05078125 0.095703125
3 0.025390625 0.919921875 0.05078125 0.1328125
3 0.6884765625 0.185546875 0.1455078125 0.1455078125
3 0.873046875 0.4326171875 0.1357421875 0.1357421875
3 0.498046875 0.9248046875 0.1435546875 0.1484375
3 0.126953125 0.6494140625 0.068359375 0.0732421875
1 0.0517578125 0.37109375 0.103515625 0.1357421875
2 0.9013671875 0.947265625 0.1689453125 0.1044921875
3 0.7470703125 0.2509765625 0.1533203125 0.154296875
3 0.072265625 0.6787109375 0.130859375 0.125
3 0.521484375 0.32421875 0.09375 0.0888671875
3 0.9912109375 0.314453125 0.017578125 0.1376953125
3 0.4208984375 0.9677734375 0.115234375 0.064453125
3 0.71875 0.220703125 0.2138671875 0.2236328125
1 0.072265625 0.681640625 0.1298828125 0.125
3 0.5224609375 0.025390625 0.1357421875 0.0498046875
3 0.9189453125 0.4013671875 0.060546875 0.0576171875
3 0.052734375 0.3720703125 0.10546875 0.138671875
3 0.9873046875 0.0458984375 0.0234375 0.091796875
1 0.498046875 0.92578125 0.1435546875 0.146484375
3 0.3427734375 0.2236328125 0.0654296875 0.0673828125
3 0.9580078125 0.0087890625 0.083984375 0.017578125
3 0.77734375 0.646484375 0.1015625 0.087890625
1 0.525390625 0.0244140625 0.130859375 0.048828125
1 0.728515625 0.1455078125 0.060546875 0.0654296875
3 0.357421875 0.337890625 0.0966796875 0.095703125
1 0.4208984375 0.9677734375 0.111328125 0.064453125
3 0.4384765625 0.361328125 0.0595703125 0.0625
3 0.037109375 0.015625 0.0732421875 0.029296875
3 0.466796875 0.34375 0.056640625 0.064453125
3 0.50390625 0.3427734375 0.1845703125 0.1513671875
3 0.0078125 0.205078125 0.015625 0.111328125
3 0.9814453125 0.0185546875 0.037109375 0.037109375
3 0.076171875 0.990234375 0.1513671875 0.017578125
3 0.54296875 0.5615234375 0.1064453125 0.0986328125