3 0.2197265625 0.5234375 0.123046875 0.1201171875
1 0.3193359375 0.31640625 0.130859375 0.1142578125
3 0.841796875 0.4794921875 0.0654296875 0.09375
3 0.845703125 0.7119140625 0.09375 0.0986328125
3 0.6123046875 0.95703125 0.09375 0.0859375
3 0.6630859375 0.78515625 0.095703125 0.078125
3 0.08984375 0.2998046875 0.1123046875 0.123046875
3 0.064453125 0.5009765625 0.0986328125 0.1142578125
3 0.400390625 0.8564453125 0.1298828125 0.140625
3 0.810546875 0.1923828125 0.1357421875 0.1171875
1 0.6845703125 0.603515625 0.080078125 0.0908203125
3 0.5546875 0.310546875 0.0908203125 0.087890625
3 0.04296875 0.7255859375 0.0859375 0.078125
3 0.1982421875 0.283203125 0.0888671875 0.095703125
3 0.654296875 0.275390625 0.103515625 0.0966796875
3 0.9853515625 0.28125 0.029296875 0.0986328125
1 0.77734375 0.802734375 0.099609375 0.1142578125
3 0.8681640625 0.037109375 0.154296875 0.07421875
3 0.8251953125 0.2666015625 0.099609375 0.091796875
3 0.4365234375 0.6171875 0.1142578125 0.103515625
1 0.2099609375 0.8232421875 0.111328125 0.109375
3 0.984375 0.13671875 0.03125 0.1201171875
1 0.7021484375 0.580078125 0.125 0.154296875
3 0.2099609375 0.8251953125 0.1123046875 0.109375
3 0.7470703125 0.0576171875 0.123046875 0.115234375
2 0.666015625 0.0546875 0.1376953125 0.109375
2 0.748046875 0.0576171875 0.126953125 0.115234375
3 0.8525390625 0.30078125 0.080078125 0.072265625
1 0.8095703125 0.1904296875 0.138671875 0.1220703125
1 0.8740234375 0.3388671875 0.1640625 0.15625
2 0.7001953125 0.072265625 0.2158203125 0.1435546875
3 0.544921875 0.326171875 0.162109375 0.1669921875
1 0.470703125 0.509765625 0.140625 0.1376953125
3 0.4736328125 0.9833984375 0.134765625 0.03125
1 0.6533203125 0.275390625 0.1015625 0.095703125
3 0.4912109375 0.529296875 0.0966796875 0.091796875
3 0.7783203125 0.80078125 0.1044921875 0.1142578125
3 0.9677734375 0.9853515625 0.064453125 0.029296875
3 0.8955078125 0.3759765625 0.078125 0.078125
3 0.861328125 0.3154296875 0.1875 0.2060546875
1 0.4912109375 0.529296875 0.0986328125 0.0908203125
1 0.4736328125 0.9833984375 0.138671875 0.033203125