3 0.0595703125 0.0947265625 0.119140625 0.1298828125
3 0.48828125 0.2001953125 0.130859375 0.119140625
3 0.8369140625 0.9541015625 0.099609375 0.0908203125
3 0.9345703125 0.9501953125 0.095703125 0.0986328125
3 0.111328125 0.701171875 0.1123046875 0.109375
3 0.2861328125 0.154296875 0.1015625 0.1064453125
3 0.330078125 0.083984375 0.1123046875 0.111328125
2 0.603515625 0.388671875 0.1220703125 0.1220703125
3 0.171875 0.6376953125 0.1298828125 0.1328125
1 0.169921875 0.283203125 0.1298828125 0.123046875
3 0.119140625 0.044921875 0.126953125 0.0888671875
3 0.4375 0.25 0.080078125 0.0751953125
3 0.029296875 0.84375 0.0576171875 0.0966796875
3 0.765625 0.9169921875 0.099609375 0.107421875
3 0.228515625 0.2236328125 0.0966796875 0.099609375
3 0.9814453125 0.751953125 0.037109375 0.12890625
3 0.380859375 0.0322265625 0.099609375 0.0625
3 0.212890625 0.5634765625 0.1357421875 0.130859375
2 0.86328125 0.04296875 0.166015625 0.0859375
2 0.2841796875 0.8369140625 0.1044921875 0.1015625
3 0.91796875 0.513671875 0.111328125 0.119140625
2 0.810546875 0.107421875 0.1044921875 0.109375
3 0.041015625 0.1728515625 0.0810546875 0.1328125
3 0.578125 0.0625 0.115234375 0.107421875
2 0.478515625 0.9599609375 0.107421875 0.078125
2 0.220703125 0.9130859375 0.1064453125 0.103515625
3 0.396484375 0.3388671875 0.140625 0.134765625
3 0.6572265625 0.900390625 0.1748046875 0.1982421875
3 0.8486328125 0.716796875 0.1044921875 0.1220703125
3 0.982421875 0.9599609375 0.0341796875 0.080078125
3 0.0634765625 0.7744140625 0.1142578125 0.119140625
3 0.5390625 0.109375 0.078125 0.0751953125
2 0.337890625 0.759765625 0.158203125 0.1640625
2 0.90625 0.3935546875 0.111328125 0.1064453125
3 0.01953125 0.923828125 0.0390625 0.1279296875
3 0.1953125 0.1708984375 0.0517578125 0.052734375
3 0.337890625 0.7607421875 0.15625 0.1591796875
2 0.373046875 0.6650390625 0.1328125 0.125
3 0.3740234375 0.6650390625 0.130859375 0.123046875
0 0.685546875 0.2021484375 0.2734375 0.2529296875
3 0.716796875 0.689453125 0.1845703125 0.1875
3 0.59765625 0.8388671875 0.099609375 0.1015625
3 0.94140625 0.7451171875 0.09375 0.1064453125
3 0.271484375 0.7158203125 0.0751953125 0.0751953125
1 0.146484375 0.9541015625 0.146484375 0.091796875
1 0.955078125 0.3203125 0.087890625 0.107421875
3 0.03515625 0.5078125 0.068359375 0.1064453125
2 0.466796875 0.5107421875 0.181640625 0.171875
1 0.9423828125 0.728515625 0.1044921875 0.1611328125
3 0.150390625 0.009765625 0.109375 0.01953125
3 0.068359375 0.751953125 0.083984375 0.0732421875
3 0.5380859375 0.130859375 0.1201171875 0.119140625
2 0.9833984375 0.2548828125 0.033203125 0.115234375
3 0.029296875 0.05078125 0.0576171875 0.099609375
3 0.021484375 0.59375 0.04296875 0.14453125
3 0.630859375 0.03515625 0.1376953125 0.0703125
3 0.970703125 0.4228515625 0.0576171875 0.130859375
3 0.048828125 0.791015625 0.080078125 0.072265625
3 0.7958984375 0.537109375 0.1220703125 0.1201171875
3 0.3369140625 0.408203125 0.1201171875 0.115234375
1 0.6328125 0.03515625 0.1484375 0.0703125
3 0.431640625 0.0078125 0.1279296875 0.015625
3 0.08203125 0.47265625 0.1015625 0.0986328125
3 0.978515625 0.2568359375 0.0419921875 0.125
3 0.01171875 0.5869140625 0.0234375 0.1328125
3 0.0205078125 0.0283203125 0.041015625 0.0546875
1 0.337890625 0.408203125 0.1171875 0.1142578125
3 0.3828125 0.4609375 0.0732421875 0.0732421875
1 0.21875 0.7900390625 0.0810546875 0.09375