3 0.583984375 0.919921875 0.1123046875 0.1201171875
3 0.8369140625 0.568359375 0.119140625 0.115234375
1 0.71875 0.18359375 0.1455078125 0.1376953125
3 0.9453125 0.9072265625 0.109375 0.1123046875
3 0.2255859375 0.826171875 0.115234375 0.1064453125
3 0.5205078125 0.873046875 0.1123046875 0.115234375
3 0.552734375 0.447265625 0.1123046875 0.134765625
3 0.466796875 0.818359375 0.1220703125 0.1328125
3 0.654296875 0.947265625 0.1171875 0.103515625
2 0.0498046875 0.1142578125 0.0986328125 0.111328125
3 0.498046875 0.658203125 0.1123046875 0.1142578125
3 0.623046875 0.7509765625 0.103515625 0.1044921875
3 0.791015625 0.494140625 0.123046875 0.107421875
3 0.3427734375 0.9443359375 0.107421875 0.1064453125
3 0.8076171875 0.896484375 0.083984375 0.107421875
3 0.6884765625 0.587890625 0.119140625 0.1328125
1 0.7314453125 0.048828125 0.111328125 0.09765625
3 0.72265625 0.427734375 0.1455078125 0.1171875
3 0.3876953125 0.498046875 0.130859375 0.140625
1 0.873046875 0.1142578125 0.1201171875 0.119140625
3 0.7255859375 0.9638671875 0.1220703125 0.072265625
3 0.96875 0.9609375 0.0625 0.078125
3 0.763671875 0.662109375 0.107421875 0.115234375
3 0.4697265625 0.435546875 0.076171875 0.087890625
3 0.623046875 0.5263671875 0.1171875 0.130859375
3 0.2724609375 0.9072265625 0.109375 0.109375
3 0.0830078125 0.912109375 0.1171875 0.125
3 0.884765625 0.2568359375 0.111328125 0.09375
2 0.21484375 0.177734375 0.2294921875 0.2373046875
3 0.2744140625 0.4375 0.142578125 0.125
3 0.060546875 0.73828125 0.119140625 0.162109375
3 0.73828125 0.8369140625 0.0966796875 0.103515625
3 0.556640625 0.7060546875 0.1201171875 0.1279296875
3 0.341796875 0.5908203125 0.123046875 0.1171875
3 0.412109375 0.966796875 0.0986328125 0.0654296875
3 0.24609375 0.712890625 0.1171875 0.1123046875
3 0.083984375 0.640625 0.109375 0.099609375
3 0.875 0.681640625 0.1376953125 0.1357421875
3 0.353515625 0.376953125 0.109375 0.107421875
3 0.40234375 0.759765625 0.146484375 0.1533203125
2 0.3740234375 0.03125 0.1220703125 0.060546875
2 0.2900390625 0.056640625 0.130859375 0.1123046875
3 0.138671875 0.955078125 0.1142578125 0.0888671875
3 0.6435546875 0.287109375 0.1171875 0.115234375
3 0.595703125 0.025390625 0.125 0.05078125
1 0.1884765625 0.515625 0.134765625 0.126953125
3 0.74609375 0.279296875 0.115234375 0.083984375
3 0.93359375 0.8291015625 0.119140625 0.109375
3 0.298828125 0.6572265625 0.1044921875 0.0986328125
1 0.935546875 0.828125 0.115234375 0.109375
3 0.900390625 0.2890625 0.1513671875 0.1669921875
3 0.13671875 0.576171875 0.099609375 0.09375
1 0.138671875 0.9560546875 0.1142578125 0.0859375
2 0.1220703125 0.341796875 0.130859375 0.134765625
3 0.138671875 0.701171875 0.072265625 0.0751953125
3 0.4951171875 0.125 0.173828125 0.166015625
2 0.0263671875 0.201171875 0.052734375 0.2109375
1 0.7197265625 0.2197265625 0.1328125 0.0703125
3 0.4208984375 0.255859375 0.154296875 0.1435546875
3 0.689453125 0.794921875 0.111328125 0.1142578125
3 0.8740234375 0.115234375 0.115234375 0.1201171875
0 0.462890625 0.181640625 0.2451171875 0.296875
3 0.5341796875 0.044921875 0.076171875 0.080078125
3 0.158203125 0.8583984375 0.083984375 0.0859375
3 0.2470703125 0.564453125 0.0703125 0.0732421875
3 0.720703125 0.158203125 0.130859375 0.0810546875
3 0.5283203125 0.6865234375 0.177734375 0.171875
1 0.142578125 0.322265625 0.0830078125 0.083984375
3 0.755859375 0.9921875 0.1171875 0.013671875
3 0.1982421875 0.9853515625 0.123046875 0.0283203125
3 0.6689453125 0.798828125 0.0673828125 0.078125
3 0.208984375 0.6181640625 0.0654296875 0.0625
0 0.119140625 0.3408203125 0.1328125 0.134765625