3 0.51171875 0.201171875 0.1279296875 0.119140625
3 0.9091796875 0.4033203125 0.1201171875 0.146484375
3 0.822265625 0.087890625 0.130859375 0.146484375
3 0.119140625 0.8642578125 0.1123046875 0.091796875
3 0.791015625 0.330078125 0.099609375 0.111328125
3 0.701171875 0.908203125 0.134765625 0.1064453125
3 0.376953125 0.541015625 0.1064453125 0.1015625
3 0.154296875 0.65625 0.1298828125 0.107421875
3 0.970703125 0.6806640625 0.056640625 0.0966796875
3 0.90234375 0.125 0.1328125 0.150390625
3 0.703125 0.3173828125 0.142578125 0.169921875
3 0.884765625 0.580078125 0.0986328125 0.1171875
2 0.1484375 0.076171875 0.1376953125 0.1484375
3 0.6796875 0.9697265625 0.13671875 0.060546875
3 0.267578125 0.974609375 0.119140625 0.0498046875
3 0.9443359375 0.9287109375 0.1064453125 0.0625
3 0.9287109375 0.9775390625 0.123046875 0.044921875
3 0.673828125 0.439453125 0.1513671875 0.142578125
3 0.9609375 0.169921875 0.078125 0.1875
3 0.33203125 0.6298828125 0.1201171875 0.1123046875
3 0.71875 0.8193359375 0.119140625 0.1015625
3 0.5107421875 0.9462890625 0.146484375 0.1044921875
3 0.57421875 0.697265625 0.146484375 0.1171875
3 0.087890625 0.9501953125 0.1513671875 0.0986328125
3 0.7451171875 0.0595703125 0.115234375 0.119140625
3 0.478515625 0.2783203125 0.123046875 0.1123046875
3 0.4453125 0.365234375 0.1669921875 0.1376953125
1 0.662109375 0.0458984375 0.130859375 0.091796875
3 0.421875 0.4541015625 0.130859375 0.123046875
1 0.365234375 0.1318359375 0.1328125 0.1279296875
3 0.6005859375 0.625 0.0908203125 0.087890625
3 0.857421875 0.7412109375 0.1455078125 0.1455078125
3 0.5361328125 0.779296875 0.1142578125 0.1015625
1 0.291015625 0.861328125 0.158203125 0.189453125
3 0.9482421875 0.8544921875 0.103515625 0.099609375
1 0.703125 0.7177734375 0.130859375 0.107421875
3 0.123046875 0.759765625 0.1484375 0.134765625
3 0.3642578125 0.1318359375 0.1298828125 0.125
3 0.2705078125 0.4013671875 0.1201171875 0.123046875
3 0.3427734375 0.244140625 0.1279296875 0.1064453125
3 0.302734375 0.7265625 0.1357421875 0.1044921875
3 0.9716796875 0.44921875 0.056640625 0.1533203125
3 0.96875 0.78125 0.060546875 0.1044921875
1 0.7197265625 0.818359375 0.1201171875 0.1015625
3 0.076171875 0.03515625 0.1298828125 0.0703125
3 0.515625 0.861328125 0.126953125 0.115234375
3 0.306640625 0.25 0.1982421875 0.2109375
3 0.615234375 0.5625 0.181640625 0.2060546875
3 0.625 0.416015625 0.056640625 0.0673828125
3 0.5654296875 0.0419921875 0.1279296875 0.0830078125
3 0.115234375 0.9541015625 0.095703125 0.076171875
3 0.208984375 0.521484375 0.2001953125 0.2109375
3 0.2998046875 0.82421875 0.130859375 0.109375
1 0.5361328125 0.779296875 0.1142578125 0.1015625
3 0.279296875 0.298828125 0.130859375 0.107421875
3 0.630859375 0.525390625 0.1376953125 0.1220703125
3 0.283203125 0.904296875 0.1220703125 0.1064453125
3 0.080078125 0.9814453125 0.134765625 0.037109375
3 0.7021484375 0.716796875 0.130859375 0.111328125
3 0.146484375 0.076171875 0.1328125 0.1455078125