3 0.943359375 0.794921875 0.099609375 0.1328125
3 0.689453125 0.515625 0.1044921875 0.1064453125
3 0.185546875 0.6494140625 0.109375 0.099609375
3 0.1748046875 0.7734375 0.1064453125 0.140625
1 0.318359375 0.052734375 0.1328125 0.1044921875
3 0.064453125 0.6015625 0.109375 0.099609375
3 0.583984375 0.888671875 0.1064453125 0.119140625
1 0.8466796875 0.4091796875 0.0830078125 0.0966796875
1 0.689453125 0.515625 0.1044921875 0.1064453125
0 0.8330078125 0.4501953125 0.1376953125 0.185546875
1 0.583984375 0.888671875 0.107421875 0.1201171875
1 0.83203125 0.4404296875 0.134765625 0.171875