3 0.931640625 0.640625 0.1357421875 0.1328125
3 0.8046875 0.525390625 0.140625 0.1357421875
3 0.74609375 0.5888671875 0.125 0.1220703125
3 0.955078125 0.2529296875 0.0888671875 0.109375
3 0.841796875 0.435546875 0.1064453125 0.107421875
3 0.89453125 0.7060546875 0.134765625 0.1220703125
2 0.376953125 0.6630859375 0.123046875 0.109375
3 0.912109375 0.298828125 0.087890625 0.083984375
3 0.53515625 0.4736328125 0.1455078125 0.1328125
2 0.1728515625 0.32421875 0.1123046875 0.0986328125
3 0.9189453125 0.0439453125 0.1513671875 0.0859375
2 0.1240234375 0.716796875 0.169921875 0.173828125
3 0.7412109375 0.912109375 0.140625 0.142578125
3 0.955078125 0.9267578125 0.0859375 0.146484375
3 0.689453125 0.6474609375 0.1142578125 0.1142578125
1 0.876953125 0.345703125 0.0986328125 0.0908203125
3 0.849609375 0.783203125 0.1044921875 0.0986328125
1 0.591796875 0.4150390625 0.1220703125 0.1123046875
2 0.0673828125 0.4775390625 0.134765625 0.173828125
2 0.0615234375 0.0908203125 0.123046875 0.1669921875
3 0.744140625 0.2490234375 0.125 0.123046875
3 0.642578125 0.7255859375 0.138671875 0.1435546875
0 0.3271484375 0.1728515625 0.412109375 0.345703125
3 0.6142578125 0.76953125 0.2109375 0.236328125
3 0.7724609375 0.18359375 0.1044921875 0.1015625
3 0.7060546875 0.32421875 0.09375 0.0888671875
2 0.169921875 0.8837890625 0.298828125 0.232421875
2 0.4287109375 0.94921875 0.189453125 0.099609375
3 0.431640625 0.51171875 0.0986328125 0.1015625
3 0.9716796875 0.578125 0.056640625 0.1328125
3 0.6689453125 0.349609375 0.1767578125 0.1533203125
3 0.333984375 0.4560546875 0.185546875 0.1875
3 0.802734375 0.8427734375 0.103515625 0.09375
3 0.978515625 0.208984375 0.0419921875 0.111328125
3 0.9853515625 0.5703125 0.029296875 0.107421875
2 0.251953125 0.544921875 0.1689453125 0.169921875
2 0.1484375 0.37890625 0.103515625 0.0888671875
0 0.5908203125 0.1162109375 0.2685546875 0.228515625
3 0.7861328125 0.107421875 0.1044921875 0.0986328125
3 0.7578125 0.8896484375 0.1015625 0.095703125
3 0.9521484375 0.0185546875 0.0859375 0.037109375
3 0.62890625 0.080078125 0.18359375 0.16015625
0 0.2998046875 0.49609375 0.279296875 0.275390625
3 0.8251953125 0.80859375 0.1611328125 0.171875
3 0.013671875 0.1982421875 0.0263671875 0.1220703125
2 0.013671875 0.2001953125 0.0263671875 0.1435546875
3 0.146484375 0.37890625 0.1044921875 0.091796875
1 0.6337890625 0.080078125 0.185546875 0.16015625
2 0.3330078125 0.4560546875 0.1845703125 0.1875
3 0.4326171875 0.94921875 0.189453125 0.099609375
3 0.44921875 0.275390625 0.1484375 0.1328125
3 0.111328125 0.9697265625 0.1279296875 0.060546875
1 0.12109375 0.7109375 0.173828125 0.1748046875
3 0.22265625 0.8544921875 0.1748046875 0.173828125
1 0.6259765625 0.3388671875 0.0888671875 0.091796875
1 0.783203125 0.732421875 0.091796875 0.091796875
0 0.1943359375 0.8798828125 0.240234375 0.2392578125
1 0.802734375 0.1513671875 0.173828125 0.197265625
1 0.9775390625 0.2021484375 0.044921875 0.087890625
3 0.958984375 0.9599609375 0.080078125 0.076171875
0 0.4677734375 0.5390625 0.3310546875 0.296875