1 0.5 0.26953125 0.0888671875 0.1044921875
1 0.732421875 0.349609375 0.1123046875 0.1279296875
3 0.97265625 0.3154296875 0.052734375 0.115234375
1 0.8486328125 0.919921875 0.1357421875 0.1171875
3 0.8779296875 0.298828125 0.111328125 0.109375
3 0.6435546875 0.236328125 0.0908203125 0.1044921875
1 0.68359375 0.1083984375 0.0888671875 0.125
3 0.7158203125 0.4970703125 0.09375 0.0732421875
1 0.6005859375 0.10546875 0.0625 0.072265625
3 0.5576171875 0.560546875 0.1142578125 0.1201171875
3 0.927734375 0.7900390625 0.115234375 0.099609375
1 0.072265625 0.6923828125 0.1015625 0.0986328125
3 0.4013671875 0.681640625 0.1201171875 0.099609375
1 0.759765625 0.107421875 0.0859375 0.0986328125
3 0.3486328125 0.849609375 0.0966796875 0.0859375
3 0.123046875 0.80859375 0.0908203125 0.083984375
3 0.8837890625 0.40625 0.0673828125 0.068359375
1 0.37109375 0.76171875 0.1220703125 0.1142578125
3 0.0400390625 0.798828125 0.080078125 0.1015625
0 0.9384765625 0.640625 0.123046875 0.1796875
3 0.4345703125 0.607421875 0.1064453125 0.0986328125
1 0.5712890625 0.2333984375 0.109375 0.1748046875
3 0.2822265625 0.5166015625 0.0859375 0.09375
1 0.69140625 0.9345703125 0.1455078125 0.130859375
3 0.130859375 0.3466796875 0.154296875 0.1669921875
3 0.2080078125 0.5615234375 0.1357421875 0.1123046875
3 0.171875 0.619140625 0.1123046875 0.0908203125
1 0.369140625 0.49609375 0.1826171875 0.1875
1 0.9384765625 0.6455078125 0.123046875 0.169921875
3 0.84765625 0.9345703125 0.125 0.083984375
1 0.638671875 0.501953125 0.0595703125 0.072265625
1 0.0673828125 0.9091796875 0.0966796875 0.111328125
3 0.759765625 0.7705078125 0.234375 0.138671875
1 0.3681640625 0.935546875 0.185546875 0.0830078125
0 0.2685546875 0.537109375 0.361328125 0.28125
1 0.1279296875 0.33203125 0.146484375 0.1376953125
1 0.435546875 0.6064453125 0.1015625 0.0986328125
3 0.3525390625 0.986328125 0.115234375 0.0263671875
1 0.0390625 0.7998046875 0.078125 0.103515625
3 0.517578125 0.447265625 0.0673828125 0.076171875
1 0.8486328125 0.115234375 0.142578125 0.162109375
1 0.083984375 0.7060546875 0.166015625 0.1435546875
3 0.8017578125 0.78125 0.1376953125 0.111328125
2 0.76171875 0.7724609375 0.232421875 0.1357421875
3 0.1953125 0.5888671875 0.201171875 0.1689453125
3 0.3095703125 0.927734375 0.0595703125 0.0517578125
0 0.8798828125 0.1162109375 0.212890625 0.169921875