3 0.2373046875 0.873046875 0.1064453125 0.107421875
3 0.369140625 0.2294921875 0.109375 0.09375
3 0.6357421875 0.306640625 0.1220703125 0.142578125
3 0.529296875 0.330078125 0.0908203125 0.1015625
3 0.23828125 0.5146484375 0.0654296875 0.0859375
3 0.0615234375 0.8642578125 0.115234375 0.107421875
3 0.248046875 0.361328125 0.1171875 0.109375
3 0.44921875 0.9228515625 0.123046875 0.130859375
3 0.5947265625 0.509765625 0.1015625 0.1123046875
3 0.787109375 0.294921875 0.123046875 0.130859375
1 0.9541015625 0.072265625 0.091796875 0.109375
3 0.572265625 0.12890625 0.0888671875 0.103515625
1 0.1611328125 0.7578125 0.154296875 0.103515625
1 0.751953125 0.6005859375 0.1064453125 0.0966796875
3 0.4765625 0.50390625 0.072265625 0.087890625
3 0.5126953125 0.1630859375 0.060546875 0.068359375
3 0.88671875 0.759765625 0.078125 0.087890625
3 0.7529296875 0.478515625 0.125 0.1279296875
3 0.8603515625 0.2333984375 0.0966796875 0.103515625
3 0.1298828125 0.59375 0.107421875 0.119140625
3 0.6455078125 0.587890625 0.1298828125 0.142578125
3 0.3779296875 0.3427734375 0.103515625 0.0986328125
3 0.9169921875 0.45703125 0.126953125 0.1142578125
3 0.8046875 0.044921875 0.1376953125 0.0888671875
3 0.919921875 0.6484375 0.1201171875 0.1015625
3 0.716796875 0.0576171875 0.1220703125 0.115234375
3 0.388671875 0.533203125 0.0751953125 0.103515625
3 0.0419921875 0.330078125 0.083984375 0.119140625
3 0.572265625 0.9697265625 0.10546875 0.060546875
3 0.9833984375 0.720703125 0.033203125 0.1171875
3 0.80859375 0.6787109375 0.1171875 0.115234375
1 0.47265625 0.1025390625 0.1123046875 0.1142578125
1 0.130859375 0.337890625 0.1279296875 0.1357421875
3 0.0390625 0.470703125 0.078125 0.115234375
1 0.0390625 0.470703125 0.078125 0.115234375
3 0.9541015625 0.8564453125 0.091796875 0.099609375
3 0.6181640625 0.228515625 0.0625 0.0546875
1 0.314453125 0.5380859375 0.068359375 0.1171875
3 0.16015625 0.7587890625 0.15625 0.109375
1 0.1435546875 0.9423828125 0.169921875 0.1142578125
3 0.0224609375 0.298828125 0.044921875 0.142578125
3 0.115234375 0.337890625 0.095703125 0.130859375
1 0.2421875 0.244140625 0.076171875 0.0654296875