3 0.912109375 0.6435546875 0.142578125 0.1533203125
3 0.173828125 0.35546875 0.1298828125 0.138671875
3 0.8505859375 0.890625 0.125 0.130859375
3 0.9130859375 0.939453125 0.125 0.119140625
3 0.1005859375 0.462890625 0.1328125 0.140625
3 0.1669921875 0.5146484375 0.1328125 0.1328125
3 0.775390625 0.8447265625 0.1201171875 0.125
3 0.9580078125 0.7060546875 0.083984375 0.119140625
3 0.7734375 0.5224609375 0.1435546875 0.1376953125
2 0.9443359375 0.0439453125 0.109375 0.087890625
3 0.6337890625 0.7255859375 0.130859375 0.123046875
3 0.1708984375 0.0712890625 0.111328125 0.109375
3 0.6982421875 0.787109375 0.1201171875 0.125
3 0.771484375 0.2744140625 0.1171875 0.109375
3 0.8154296875 0.341796875 0.125 0.1142578125
3 0.1005859375 0.04296875 0.1298828125 0.0859375
3 0.041015625 0.41796875 0.0810546875 0.1328125
3 0.708984375 0.4580078125 0.125 0.1279296875
3 0.8681640625 0.408203125 0.1220703125 0.115234375
3 0.2470703125 0.3984375 0.1279296875 0.138671875
3 0.8359375 0.599609375 0.125 0.126953125
3 0.2490234375 0.109375 0.138671875 0.1435546875
3 0.3095703125 0.16796875 0.1123046875 0.109375
3 0.6611328125 0.3720703125 0.1640625 0.177734375
3 0.376953125 0.220703125 0.1220703125 0.123046875
3 0.9619140625 0.9580078125 0.076171875 0.080078125
3 0.9462890625 0.4833984375 0.107421875 0.125
3 0.052734375 0.2392578125 0.1044921875 0.109375
3 0.2314453125 0.56640625 0.154296875 0.166015625
3 0.314453125 0.4375 0.1142578125 0.1279296875
2 0.8896484375 0.095703125 0.1796875 0.169921875
3 0.40625 0.048828125 0.1298828125 0.0966796875
2 0.5634765625 0.10546875 0.1484375 0.166015625
3 0.328125 0.0234375 0.125 0.046875
3 0.025390625 0.181640625 0.0498046875 0.1357421875
3 0.2724609375 0.9453125 0.1533203125 0.107421875
3 0.1103515625 0.302734375 0.138671875 0.140625
3 0.580078125 0.654296875 0.1279296875 0.119140625
3 0.97265625 0.5400390625 0.052734375 0.138671875
3 0.052734375 0.689453125 0.1044921875 0.1435546875
2 0.23046875 0.56640625 0.1591796875 0.166015625
3 0.025390625 0.2890625 0.05078125 0.078125
3 0.51953125 0.8779296875 0.248046875 0.2392578125
3 0.529296875 0.583984375 0.146484375 0.1376953125
3 0.4208984375 0.169921875 0.0751953125 0.0703125
0 0.0849609375 0.7958984375 0.1689453125 0.2470703125
3 0.48046875 0.2431640625 0.1513671875 0.1591796875
3 0.46875 0.64453125 0.0966796875 0.09375
3 0.009765625 0.361328125 0.0185546875 0.1201171875
3 0.474609375 0.0771484375 0.1484375 0.154296875
3 0.3798828125 0.806640625 0.216796875 0.2470703125
3 0.6943359375 0.9755859375 0.140625 0.046875
2 0.2138671875 0.9794921875 0.119140625 0.041015625
3 0.42578125 0.98046875 0.123046875 0.0390625
3 0.22265625 0.98046875 0.1357421875 0.0390625
3 0.986328125 0.76171875 0.025390625 0.1591796875
3 0.0546875 0.013671875 0.109375 0.02734375
3 0.533203125 0.615234375 0.2265625 0.205078125
3 0.017578125 0.6318359375 0.0341796875 0.1279296875
3 0.9892578125 0.240234375 0.0205078125 0.103515625
3 0.67578125 0.341796875 0.1220703125 0.119140625
3 0.8056640625 0.978515625 0.0419921875 0.0419921875