3 0.6962890625 0.1171875 0.1455078125 0.146484375
3 0.2109375 0.306640625 0.140625 0.1357421875
3 0.1513671875 0.7041015625 0.138671875 0.1357421875
3 0.802734375 0.052734375 0.15625 0.103515625
3 0.171875 0.12890625 0.123046875 0.115234375
3 0.9404296875 0.375 0.119140625 0.119140625
3 0.267578125 0.5791015625 0.119140625 0.1171875
3 0.74609375 0.19921875 0.1298828125 0.123046875
3 0.8779296875 0.3095703125 0.123046875 0.1220703125
3 0.0791015625 0.9609375 0.1171875 0.078125
3 0.2177734375 0.646484375 0.1376953125 0.1298828125
3 0.7578125 0.845703125 0.1044921875 0.1064453125
3 0.2529296875 0.7998046875 0.1171875 0.1201171875
3 0.7001953125 0.8984375 0.1171875 0.1123046875
3 0.138671875 0.931640625 0.1142578125 0.115234375
3 0.1025390625 0.197265625 0.1201171875 0.123046875
3 0.326171875 0.529296875 0.1220703125 0.1201171875
3 0.19921875 0.873046875 0.119140625 0.107421875
3 0.083984375 0.775390625 0.154296875 0.1484375
3 0.427734375 0.396484375 0.1123046875 0.1142578125
3 0.8095703125 0.259765625 0.1142578125 0.109375
3 0.599609375 0.7978515625 0.138671875 0.138671875
3 0.9345703125 0.150390625 0.119140625 0.109375
3 0.279296875 0.240234375 0.1328125 0.1279296875
3 0.6533203125 0.7333984375 0.125 0.1328125
3 0.0478515625 0.255859375 0.095703125 0.111328125
3 0.369140625 0.4521484375 0.1171875 0.1171875
3 0.0380859375 0.0224609375 0.076171875 0.0439453125
3 0.345703125 0.181640625 0.0888671875 0.0859375
3 0.9248046875 0.6611328125 0.1328125 0.1298828125
3 0.955078125 0.927734375 0.0888671875 0.1220703125
3 0.9677734375 0.431640625 0.0625 0.107421875
3 0.64453125 0.955078125 0.0888671875 0.0859375
3 0.662109375 0.384765625 0.138671875 0.146484375
3 0.533203125 0.4951171875 0.142578125 0.1279296875
3 0.861328125 0.712890625 0.134765625 0.126953125
3 0.861328125 0.1015625 0.1484375 0.15625
3 0.216796875 0.0732421875 0.1044921875 0.1044921875
3 0.0478515625 0.4970703125 0.095703125 0.1044921875
1 0.154296875 0.375 0.103515625 0.0986328125
3 0.419921875 0.951171875 0.1513671875 0.095703125
3 0.5380859375 0.85546875 0.1328125 0.1298828125
3 0.333984375 0.7109375 0.1904296875 0.1982421875
3 0.9169921875 0.9697265625 0.125 0.060546875
3 0.806640625 0.76953125 0.1484375 0.1484375
3 0.0205078125 0.3173828125 0.041015625 0.1171875
3 0.521484375 0.318359375 0.1875 0.189453125
3 0.5419921875 0.2900390625 0.1201171875 0.1279296875
3 0.455078125 0.603515625 0.2060546875 0.193359375
3 0.611328125 0.4521484375 0.1123046875 0.109375
3 0.544921875 0.0361328125 0.1484375 0.0703125
3 0.283203125 0.033203125 0.1064453125 0.0654296875
3 0.0263671875 0.8935546875 0.052734375 0.140625
3 0.033203125 0.8251953125 0.06640625 0.095703125
3 0.353515625 0.083984375 0.0830078125 0.0810546875
3 0.076171875 0.4501953125 0.150390625 0.189453125
3 0.96875 0.208984375 0.0595703125 0.091796875
3 0.9853515625 0.8515625 0.029296875 0.109375
1 0.7998046875 0.587890625 0.1875 0.2109375
3 0.486328125 0.337890625 0.107421875 0.109375
0 0.7724609375 0.611328125 0.2421875 0.2734375
3 0.017578125 0.5556640625 0.0341796875 0.1435546875
1 0.392578125 0.1357421875 0.109375 0.1064453125
3 0.978515625 0.275390625 0.0419921875 0.1123046875
3 0.490234375 0.576171875 0.1279296875 0.123046875
3 0.0439453125 0.39453125 0.0703125 0.072265625
1 0.9296875 0.05859375 0.078125 0.0751953125
3 0.62890625 0.41015625 0.2109375 0.201171875
3 0.9814453125 0.5146484375 0.037109375 0.154296875
3 0.392578125 0.5849609375 0.0751953125 0.072265625
1 0.724609375 0.677734375 0.1298828125 0.134765625
3 0.37890625 0.115234375 0.1455078125 0.1533203125
3 0.5654296875 0.412109375 0.0830078125 0.076171875
1 0.1572265625 0.83203125 0.0732421875 0.0654296875
1 0.4189453125 0.4970703125 0.0888671875 0.0859375
3 0.435546875 0.4814453125 0.052734375 0.0517578125
3 0.8857421875 0.076171875 0.091796875 0.09375
3 0.279296875 0.7099609375 0.080078125 0.0810546875