2 0.724609375 0.177734375 0.177734375 0.1669921875
2 0.078125 0.1787109375 0.109375 0.099609375
2 0.3193359375 0.4560546875 0.1982421875 0.2080078125
2 0.560546875 0.095703125 0.1376953125 0.189453125
3 0.8720703125 0.8564453125 0.1435546875 0.154296875
2 0.0341796875 0.3251953125 0.068359375 0.1044921875
2 0.673828125 0.0302734375 0.125 0.060546875
3 0.9208984375 0.4091796875 0.140625 0.1455078125
2 0.09375 0.076171875 0.1328125 0.1171875
2 0.431640625 0.97265625 0.1435546875 0.0546875
3 0.9296875 0.78515625 0.1201171875 0.115234375
3 0.9765625 0.7158203125 0.046875 0.078125
2 0.1201171875 0.9072265625 0.240234375 0.185546875
2 0.126953125 0.025390625 0.109375 0.0498046875
2 0.0498046875 0.25390625 0.099609375 0.107421875
2 0.8486328125 0.0634765625 0.166015625 0.126953125
3 0.724609375 0.9560546875 0.140625 0.0859375
2 0.5263671875 0.396484375 0.2314453125 0.28125
3 0.7275390625 0.6396484375 0.1171875 0.119140625
2 0.0146484375 0.421875 0.029296875 0.130859375
2 0.3916015625 0.228515625 0.240234375 0.2216796875
2 0.5 0.447265625 0.3388671875 0.396484375
2 0.482421875 0.080078125 0.2421875 0.16015625
3 0.828125 0.9384765625 0.09375 0.0966796875
3 0.681640625 0.7109375 0.119140625 0.1123046875
3 0.7919921875 0.564453125 0.1171875 0.1123046875
2 0.2001953125 0.638671875 0.212890625 0.251953125
2 0.521484375 0.9296875 0.1689453125 0.140625
2 0.3388671875 0.7255859375 0.2626953125 0.2685546875
2 0.3154296875 0.953125 0.09375 0.09375
3 0.962890625 0.56640625 0.0732421875 0.1064453125
3 0.921875 0.67578125 0.0986328125 0.095703125
3 0.5869140625 0.8525390625 0.1455078125 0.1484375
3 0.8525390625 0.4619140625 0.0908203125 0.087890625
3 0.8671875 0.474609375 0.130859375 0.125
2 0.236328125 0.9736328125 0.1171875 0.052734375
2 0.26953125 0.888671875 0.099609375 0.109375
1 0.7275390625 0.6396484375 0.1201171875 0.1201171875
3 0.986328125 0.97265625 0.0263671875 0.0517578125
3 0.857421875 0.6015625 0.1064453125 0.1064453125
2 0.5947265625 0.8193359375 0.177734375 0.2158203125
3 0.62109375 0.7822265625 0.119140625 0.1328125
3 0.521484375 0.9287109375 0.171875 0.142578125
3 0.822265625 0.580078125 0.1845703125 0.15625