3 0.048828125 0.1220703125 0.09765625 0.126953125
2 0.5625 0.568359375 0.181640625 0.162109375
2 0.6328125 0.125 0.2060546875 0.248046875
3 0.0625 0.4306640625 0.087890625 0.078125
3 0.0439453125 0.2236328125 0.0859375 0.0830078125
3 0.12890625 0.8974609375 0.083984375 0.1064453125
3 0.22265625 0.0576171875 0.107421875 0.099609375
2 0.9404296875 0.478515625 0.119140625 0.1455078125
2 0.859375 0.583984375 0.130859375 0.134765625
3 0.0302734375 0.0224609375 0.060546875 0.044921875
3 0.9267578125 0.9267578125 0.146484375 0.146484375
2 0.7197265625 0.8173828125 0.154296875 0.166015625
3 0.0986328125 0.5126953125 0.130859375 0.091796875
3 0.9150390625 0.7666015625 0.1298828125 0.1328125
2 0.486328125 0.69140625 0.1845703125 0.15625
2 0.40234375 0.818359375 0.2109375 0.234375
2 0.962890625 0.3701171875 0.0732421875 0.134765625
3 0.9609375 0.662109375 0.078125 0.1435546875
3 0.3564453125 0.05859375 0.248046875 0.115234375
2 0.35546875 0.4326171875 0.2548828125 0.212890625
2 0.34375 0.603515625 0.1220703125 0.1220703125
3 0.119140625 0.732421875 0.1298828125 0.1435546875
3 0.060546875 0.328125 0.1201171875 0.130859375
3 0.2333984375 0.224609375 0.107421875 0.095703125
2 0.65625 0.9775390625 0.10546875 0.044921875
3 0.4013671875 0.818359375 0.2109375 0.2314453125
3 0.8134765625 0.7001953125 0.1201171875 0.1279296875
3 0.4873046875 0.689453125 0.1875 0.1591796875
3 0.8154296875 0.8486328125 0.109375 0.126953125
2 0.498046875 0.9736328125 0.11328125 0.052734375
3 0.86328125 0.8818359375 0.109375 0.126953125
3 0.298828125 0.103515625 0.09375 0.0859375
2 0.8251953125 0.1904296875 0.349609375 0.380859375
2 0.5361328125 0.0185546875 0.146484375 0.0361328125
3 0.298828125 0.271484375 0.255859375 0.1982421875
3 0.333984375 0.1240234375 0.1748046875 0.1455078125
3 0.5 0.9736328125 0.1171875 0.0517578125
3 0.9853515625 0.53125 0.029296875 0.1328125
3 0.357421875 0.431640625 0.259765625 0.2080078125
3 0.287109375 0.099609375 0.2734375 0.1923828125
3 0.6552734375 0.978515625 0.109375 0.0419921875
3 0.0869140625 0.8828125 0.173828125 0.1640625
3 0.021484375 0.8857421875 0.04296875 0.119140625
3 0.3125 0.0283203125 0.140625 0.056640625
3 0.978515625 0.8369140625 0.0419921875 0.1220703125
3 0.3408203125 0.2958984375 0.171875 0.1455078125
3 0.9892578125 0.9609375 0.021484375 0.078125
3 0.3681640625 0.1484375 0.103515625 0.091796875
3 0.091796875 0.697265625 0.18359375 0.21875
3 0.033203125 0.720703125 0.06640625 0.1328125
3 0.044921875 0.876953125 0.08984375 0.1484375
3 0.455078125 0.6640625 0.109375 0.0966796875