1 0.541015625 0.203125 0.1201171875 0.1298828125
1 0.853515625 0.193359375 0.115234375 0.1142578125
1 0.3095703125 0.765625 0.1171875 0.134765625
1 0.900390625 0.357421875 0.1689453125 0.1640625
1 0.072265625 0.2607421875 0.095703125 0.0830078125
3 0.423828125 0.212890625 0.1376953125 0.142578125
3 0.7548828125 0.4033203125 0.1298828125 0.138671875
1 0.470703125 0.0517578125 0.1640625 0.103515625
3 0.6171875 0.90234375 0.1044921875 0.125
1 0.23046875 0.9638671875 0.0966796875 0.0703125
3 0.4521484375 0.576171875 0.1201171875 0.1142578125
1 0.201171875 0.2490234375 0.083984375 0.091796875
3 0.5791015625 0.556640625 0.0810546875 0.078125
3 0.21484375 0.3349609375 0.0546875 0.060546875
3 0.435546875 0.412109375 0.109375 0.1484375
1 0.837890625 0.9501953125 0.16015625 0.099609375
1 0.970703125 0.6337890625 0.0576171875 0.125
3 0.8056640625 0.765625 0.1123046875 0.1171875
1 0.9267578125 0.0927734375 0.115234375 0.1142578125
3 0.892578125 0.697265625 0.115234375 0.125
1 0.4541015625 0.84765625 0.0595703125 0.052734375
3 0.189453125 0.736328125 0.0732421875 0.0908203125
3 0.470703125 0.943359375 0.1455078125 0.109375
1 0.189453125 0.736328125 0.072265625 0.0908203125
3 0.3271484375 0.048828125 0.0986328125 0.0966796875
3 0.7109375 0.814453125 0.125 0.1484375
1 0.408203125 0.73046875 0.064453125 0.083984375
1 0.1416015625 0.0634765625 0.2138671875 0.126953125
3 0.9853515625 0.1259765625 0.029296875 0.091796875
3 0.564453125 0.453125 0.09375 0.0986328125
1 0.326171875 0.048828125 0.103515625 0.0966796875
3 0.3154296875 0.3974609375 0.09375 0.087890625
1 0.013671875 0.259765625 0.02734375 0.10546875
1 0.1201171875 0.9033203125 0.166015625 0.193359375
3 0.279296875 0.279296875 0.072265625 0.0908203125
3 0.193359375 0.0654296875 0.072265625 0.1044921875
3 0.357421875 0.888671875 0.078125 0.125
1 0.3447265625 0.978515625 0.091796875 0.0419921875
3 0.09765625 0.8662109375 0.080078125 0.0966796875
1 0.072265625 0.033203125 0.0654296875 0.064453125
3 0.5546875 0.416015625 0.1591796875 0.173828125
3 0.3447265625 0.9794921875 0.091796875 0.041015625
1 0.5673828125 0.4189453125 0.1328125 0.1767578125
1 0.7802734375 0.9775390625 0.1201171875 0.044921875
1 0.0859375 0.0615234375 0.1064453125 0.123046875
1 0.154296875 0.8984375 0.083984375 0.109375
3 0.201171875 0.25 0.0830078125 0.091796875
1 0.3154296875 0.396484375 0.09375 0.087890625
3 0.57421875 0.82421875 0.072265625 0.0654296875
1 0.564453125 0.455078125 0.09375 0.1015625
1 0.8701171875 0.9580078125 0.09375 0.083984375
1 0.8935546875 0.6962890625 0.115234375 0.125
1 0.9853515625 0.1220703125 0.029296875 0.0966796875
3 0.1220703125 0.904296875 0.1689453125 0.1904296875
1 0.2314453125 0.9189453125 0.1171875 0.162109375