1 0.5712890625 0.0947265625 0.1376953125 0.1279296875
3 0.458984375 0.23046875 0.1279296875 0.158203125
3 0.3203125 0.208984375 0.1484375 0.1669921875
1 0.21875 0.396484375 0.0810546875 0.072265625
3 0.451171875 0.033203125 0.166015625 0.0654296875
1 0.623046875 0.466796875 0.0595703125 0.0830078125
1 0.322265625 0.2119140625 0.146484375 0.162109375
1 0.1962890625 0.0615234375 0.078125 0.111328125
1 0.2236328125 0.060546875 0.146484375 0.12109375
3 0.4462890625 0.0185546875 0.146484375 0.037109375
3 0.3310546875 0.177734375 0.0966796875 0.091796875