3 0.1494140625 0.2587890625 0.1513671875 0.1123046875
3 0.8798828125 0.314453125 0.1220703125 0.173828125
3 0.06640625 0.634765625 0.111328125 0.1357421875
3 0.9345703125 0.451171875 0.123046875 0.1142578125
1 0.052734375 0.1318359375 0.0654296875 0.0908203125
1 0.8408203125 0.884765625 0.142578125 0.1044921875
1 0.306640625 0.2431640625 0.064453125 0.076171875
3 0.4462890625 0.2802734375 0.0888671875 0.099609375
1 0.6142578125 0.1943359375 0.162109375 0.158203125
3 0.6787109375 0.8076171875 0.109375 0.1171875
3 0.2470703125 0.0849609375 0.0703125 0.0810546875
1 0.765625 0.427734375 0.087890625 0.0859375
1 0.615234375 0.314453125 0.099609375 0.0859375
3 0.455078125 0.6845703125 0.087890625 0.1455078125
1 0.3037109375 0.103515625 0.0546875 0.0986328125
1 0.013671875 0.0263671875 0.02734375 0.052734375
3 0.392578125 0.7724609375 0.0498046875 0.0546875
3 0.8193359375 0.9765625 0.1279296875 0.046875
3 0.04296875 0.4482421875 0.0859375 0.0859375
3 0.69140625 0.685546875 0.1357421875 0.1376953125
3 0.2802734375 0.416015625 0.078125 0.0859375
3 0.1435546875 0.0888671875 0.095703125 0.0986328125
1 0.74609375 0.2294921875 0.0888671875 0.154296875
3 0.861328125 0.7265625 0.1044921875 0.0986328125
3 0.650390625 0.8935546875 0.1064453125 0.0986328125
3 0.478515625 0.515625 0.125 0.125
3 0.400390625 0.5458984375 0.048828125 0.0546875
1 0.359375 0.107421875 0.060546875 0.095703125
1 0.091796875 0.50390625 0.15625 0.125
3 0.783203125 0.798828125 0.0751953125 0.078125
1 0.783203125 0.798828125 0.0751953125 0.080078125
3 0.720703125 0.9873046875 0.091796875 0.025390625
3 0.9609375 0.298828125 0.078125 0.1376953125
3 0.6630859375 0.84375 0.1533203125 0.1953125
3 0.0068359375 0.1357421875 0.013671875 0.080078125
1 0.478515625 0.515625 0.126953125 0.125
1 0.0556640625 0.0341796875 0.0810546875 0.068359375
3 0.853515625 0.6005859375 0.197265625 0.1640625
1 0.314453125 0.423828125 0.150390625 0.1171875
3 0.96875 0.3212890625 0.0595703125 0.087890625
1 0.7470703125 0.2646484375 0.078125 0.0810546875
1 0.28125 0.416015625 0.0751953125 0.0859375
3 0.12890625 0.1689453125 0.033203125 0.0361328125