3 0.12109375 0.5869140625 0.1064453125 0.0908203125
3 0.021484375 0.5654296875 0.0419921875 0.1064453125
1 0.802734375 0.2626953125 0.1015625 0.130859375
3 0.88671875 0.2177734375 0.087890625 0.0966796875
1 0.0498046875 0.958984375 0.099609375 0.078125
3 0.0322265625 0.697265625 0.0625 0.087890625
3 0.404296875 0.3603515625 0.1171875 0.1376953125
1 0.16796875 0.3642578125 0.109375 0.1748046875
3 0.294921875 0.33203125 0.095703125 0.1142578125
1 0.955078125 0.220703125 0.087890625 0.0986328125
1 0.5908203125 0.509765625 0.109375 0.111328125
3 0.748046875 0.9736328125 0.1015625 0.052734375
3 0.9853515625 0.076171875 0.029296875 0.12109375
1 0.97265625 0.1689453125 0.052734375 0.0732421875
1 0.7509765625 0.9736328125 0.0986328125 0.052734375
3 0.716796875 0.29296875 0.1298828125 0.140625
3 0.98046875 0.8505859375 0.0390625 0.1015625
3 0.5908203125 0.5078125 0.109375 0.1044921875
1 0.93359375 0.41796875 0.125 0.1044921875
1 0.173828125 0.408203125 0.0751953125 0.0810546875
1 0.716796875 0.29296875 0.1298828125 0.140625
1 0.5166015625 0.27734375 0.0830078125 0.0751953125
3 0.515625 0.275390625 0.080078125 0.072265625
1 0.916015625 0.8251953125 0.0625 0.060546875