1 0.384765625 0.142578125 0.119140625 0.1201171875
1 0.71484375 0.037109375 0.1015625 0.072265625
3 0.3232421875 0.333984375 0.1123046875 0.111328125
1 0.6708984375 0.42578125 0.0908203125 0.107421875
3 0.8408203125 0.099609375 0.158203125 0.146484375
1 0.19921875 0.0390625 0.0859375 0.078125
3 0.419921875 0.529296875 0.1064453125 0.1044921875
1 0.814453125 0.658203125 0.1435546875 0.126953125
1 0.5439453125 0.2373046875 0.1015625 0.1171875
1 0.2392578125 0.15625 0.125 0.1455078125
3 0.8359375 0.486328125 0.1279296875 0.1533203125
3 0.44921875 0.63671875 0.0859375 0.0751953125
3 0.93359375 0.5244140625 0.125 0.125
1 0.3974609375 0.921875 0.119140625 0.1298828125
1 0.3701171875 0.435546875 0.1435546875 0.1435546875
3 0.4150390625 0.291015625 0.0673828125 0.078125
3 0.6337890625 0.341796875 0.1298828125 0.130859375
1 0.369140625 0.0439453125 0.1015625 0.0859375
3 0.5322265625 0.123046875 0.091796875 0.1142578125
1 0.845703125 0.8310546875 0.1591796875 0.140625
3 0.4228515625 0.830078125 0.076171875 0.064453125
1 0.068359375 0.0615234375 0.1044921875 0.123046875
3 0.978515625 0.6103515625 0.041015625 0.1533203125
1 0.634765625 0.3388671875 0.1298828125 0.1328125
0 0.8125 0.830078125 0.216796875 0.1455078125
1 0.228515625 0.4140625 0.072265625 0.072265625
3 0.9892578125 0.830078125 0.021484375 0.1142578125
1 0.3525390625 0.421875 0.0966796875 0.0986328125
1 0.380859375 0.8916015625 0.1640625 0.193359375
3 0.9716796875 0.1337890625 0.056640625 0.1298828125
3 0.513671875 0.4404296875 0.099609375 0.0888671875
1 0.4306640625 0.390625 0.0830078125 0.0810546875
3 0.537109375 0.0068359375 0.0751953125 0.013671875
1 0.515625 0.439453125 0.1044921875 0.09375
3 0.98046875 0.6533203125 0.0390625 0.0654296875
1 0.984375 0.1240234375 0.03125 0.0986328125