3 0.0625 0.478515625 0.125 0.126953125
3 0.408203125 0.66796875 0.123046875 0.1142578125
3 0.23828125 0.6552734375 0.140625 0.140625
3 0.138671875 0.1171875 0.126953125 0.1220703125
3 0.171875 0.349609375 0.109375 0.103515625
3 0.7138671875 0.23828125 0.119140625 0.1123046875
3 0.9404296875 0.3037109375 0.119140625 0.1201171875
3 0.2138671875 0.2724609375 0.162109375 0.142578125
3 0.173828125 0.7119140625 0.123046875 0.1220703125
3 0.6513671875 0.9375 0.140625 0.125
3 0.6845703125 0.654296875 0.1435546875 0.1328125
3 0.7490234375 0.5869140625 0.1435546875 0.1376953125
3 0.556640625 0.4482421875 0.1201171875 0.111328125
3 0.791015625 0.505859375 0.115234375 0.111328125
3 0.1259765625 0.419921875 0.1201171875 0.109375
3 0.9208984375 0.603515625 0.1220703125 0.119140625
3 0.0693359375 0.880859375 0.138671875 0.181640625
3 0.32421875 0.1376953125 0.1220703125 0.1201171875
3 0.806640625 0.0966796875 0.130859375 0.1171875
3 0.4541015625 0.59375 0.1171875 0.115234375
3 0.51953125 0.2099609375 0.1044921875 0.1044921875
3 0.205078125 0.9365234375 0.1357421875 0.125
3 0.4970703125 0.5185546875 0.142578125 0.1376953125
3 0.271484375 0.19921875 0.140625 0.146484375
3 0.880859375 0.3681640625 0.1171875 0.1279296875
3 0.7646484375 0.169921875 0.095703125 0.091796875
3 0.330078125 0.505859375 0.1298828125 0.126953125
3 0.2685546875 0.560546875 0.115234375 0.119140625
3 0.0595703125 0.2646484375 0.119140625 0.1201171875
3 0.2548828125 0.8701171875 0.1298828125 0.123046875
3 0.482421875 0.9404296875 0.119140625 0.1142578125
3 0.810546875 0.75 0.1328125 0.1171875
3 0.484375 0.296875 0.1298828125 0.126953125
3 0.5830078125 0.146484375 0.109375 0.1044921875
3 0.9404296875 0.5126953125 0.119140625 0.125
3 0.9638671875 0.232421875 0.072265625 0.1201171875
3 0.193359375 0.0546875 0.1201171875 0.107421875
3 0.8330078125 0.44140625 0.1142578125 0.111328125
3 0.8828125 0.685546875 0.119140625 0.107421875
3 0.3623046875 0.736328125 0.140625 0.1376953125
3 0.0390625 0.556640625 0.078125 0.125
3 0.7255859375 0.8896484375 0.1015625 0.0986328125
3 0.9697265625 0.439453125 0.060546875 0.1171875
3 0.5302734375 0.8603515625 0.1015625 0.1015625
3 0.9443359375 0.9228515625 0.111328125 0.1279296875
3 0.87109375 0.029296875 0.1015625 0.05859375
3 0.6337890625 0.0869140625 0.126953125 0.125
3 0.37109375 0.0625 0.1220703125 0.1171875
3 0.4208984375 0.029296875 0.125 0.0576171875
3 0.4306640625 0.9736328125 0.126953125 0.052734375
3 0.1259765625 0.78125 0.1376953125 0.1357421875
3 0.6025390625 0.373046875 0.1435546875 0.1298828125
3 0.970703125 0.849609375 0.0576171875 0.1220703125
3 0.666015625 0.310546875 0.126953125 0.119140625
3 0.2490234375 0.029296875 0.1591796875 0.0576171875
3 0.0927734375 0.19140625 0.123046875 0.1123046875
3 0.3232421875 0.8095703125 0.1201171875 0.111328125
3 0.025390625 0.3779296875 0.0498046875 0.0810546875
3 0.6865234375 0.0390625 0.134765625 0.076171875
3 0.8291015625 0.6416015625 0.076171875 0.0830078125
3 0.427734375 0.3564453125 0.099609375 0.107421875
3 0.021484375 0.3125 0.0419921875 0.0966796875
3 0.623046875 0.9853515625 0.09375 0.0283203125
3 0.1474609375 0.97265625 0.107421875 0.0546875
3 0.5927734375 0.7998046875 0.1484375 0.1455078125
3 0.5625 0.3544921875 0.0595703125 0.0732421875
3 0.9130859375 0.9716796875 0.1171875 0.056640625
3 0.6455078125 0.7333984375 0.1484375 0.1533203125
3 0.3544921875 0.419921875 0.0703125 0.0859375
3 0.7548828125 0.8095703125 0.140625 0.1376953125
3 0.6982421875 0.017578125 0.111328125 0.0341796875
3 0.8359375 0.0439453125 0.0966796875 0.083984375
1 0.6435546875 0.7333984375 0.146484375 0.1533203125
3 0.7216796875 0.7900390625 0.064453125 0.0703125
1 0.3203125 0.806640625 0.1123046875 0.109375
3 0.767578125 0.48828125 0.0625 0.0673828125
3 0.9921875 0.158203125 0.015625 0.1533203125
3 0.38671875 0.4384765625 0.138671875 0.134765625
3 0.8359375 0.626953125 0.0498046875 0.0517578125
3 0.0205078125 0.6318359375 0.041015625 0.125
1 0.38671875 0.4384765625 0.138671875 0.1376953125
1 0.408203125 0.439453125 0.095703125 0.0986328125
3 0.6630859375 0.197265625 0.0546875 0.060546875
3 0.8486328125 0.5380859375 0.0419921875 0.0439453125
3 0.2490234375 0.158203125 0.0703125 0.060546875
3 0.01171875 0.0390625 0.0234375 0.078125
3 0.7236328125 0.9736328125 0.052734375 0.052734375