1 0.94921875 0.8486328125 0.0908203125 0.087890625
1 0.74609375 0.9453125 0.1455078125 0.107421875
1 0.412109375 0.2841796875 0.1064453125 0.083984375
3 0.6181640625 0.556640625 0.0986328125 0.1123046875
1 0.611328125 0.060546875 0.1904296875 0.1201171875
1 0.3017578125 0.685546875 0.0546875 0.083984375
1 0.5537109375 0.94921875 0.0908203125 0.0966796875
3 0.462890625 0.7060546875 0.1171875 0.1298828125
3 0.5556640625 0.2412109375 0.09375 0.083984375
1 0.572265625 0.412109375 0.087890625 0.0908203125
3 0.7607421875 0.5361328125 0.1064453125 0.09375
1 0.9765625 0.587890625 0.046875 0.095703125
1 0.4912109375 0.357421875 0.052734375 0.052734375
1 0.7705078125 0.5302734375 0.1298828125 0.1123046875
1 0.8046875 0.6630859375 0.1298828125 0.1220703125
3 0.3330078125 0.4326171875 0.107421875 0.1123046875
3 0.0400390625 0.650390625 0.080078125 0.1142578125
3 0.0517578125 0.818359375 0.103515625 0.1328125
1 0.75390625 0.361328125 0.09375 0.103515625
3 0.1142578125 0.564453125 0.060546875 0.060546875
3 0.65625 0.3623046875 0.0810546875 0.0908203125
1 0.4541015625 0.087890625 0.1435546875 0.1064453125
3 0.3974609375 0.8017578125 0.076171875 0.0888671875
1 0.6728515625 0.7470703125 0.1044921875 0.078125
3 0.91796875 0.28125 0.1298828125 0.109375
1 0.91796875 0.2880859375 0.130859375 0.1279296875
3 0.2861328125 0.3798828125 0.0703125 0.0703125
3 0.048828125 0.9892578125 0.076171875 0.021484375
1 0.6826171875 0.748046875 0.1484375 0.111328125
3 0.572265625 0.412109375 0.0888671875 0.091796875
1 0.423828125 0.896484375 0.068359375 0.0517578125
1 0.0390625 0.6484375 0.078125 0.115234375
3 0.4912109375 0.3564453125 0.0546875 0.0517578125
1 0.28515625 0.0146484375 0.1064453125 0.029296875