3 0.9296875 0.431640625 0.140625 0.138671875
3 0.845703125 0.291015625 0.1455078125 0.1357421875
3 0.5 0.505859375 0.1484375 0.150390625
3 0.8955078125 0.361328125 0.1328125 0.1279296875
3 0.7958984375 0.744140625 0.1142578125 0.115234375
3 0.279296875 0.765625 0.140625 0.1435546875
3 0.1787109375 0.1708984375 0.1328125 0.150390625
3 0.099609375 0.1318359375 0.134765625 0.15625
3 0.5517578125 0.63671875 0.1142578125 0.1142578125
3 0.1396484375 0.9189453125 0.154296875 0.162109375
3 0.4384765625 0.044921875 0.123046875 0.08984375
3 0.552734375 0.427734375 0.1328125 0.126953125
3 0.1455078125 0.345703125 0.1435546875 0.158203125
3 0.0625 0.2822265625 0.125 0.150390625
3 0.4345703125 0.5595703125 0.1298828125 0.1298828125
3 0.751953125 0.8154296875 0.1376953125 0.1328125
3 0.869140625 0.6904296875 0.1435546875 0.140625
3 0.7294921875 0.5283203125 0.1171875 0.1171875
3 0.3798828125 0.263671875 0.177734375 0.162109375
3 0.6416015625 0.138671875 0.1201171875 0.1220703125
3 0.779296875 0.228515625 0.111328125 0.109375
3 0.876953125 0.177734375 0.0751953125 0.0732421875
3 0.2578125 0.205078125 0.1171875 0.1533203125
3 0.3203125 0.673828125 0.119140625 0.111328125
3 0.9599609375 0.4970703125 0.080078125 0.1357421875
3 0.41796875 0.849609375 0.119140625 0.1123046875
3 0.6884765625 0.46484375 0.109375 0.1064453125
3 0.6435546875 0.6123046875 0.109375 0.109375
3 0.26953125 0.3955078125 0.1357421875 0.134765625
3 0.330078125 0.3173828125 0.064453125 0.0654296875
3 0.94140625 0.833984375 0.1171875 0.1357421875
3 0.533203125 0.072265625 0.140625 0.14453125
3 0.7060546875 0.1865234375 0.1064453125 0.115234375
3 0.6171875 0.373046875 0.166015625 0.1611328125
3 0.064453125 0.9609375 0.12890625 0.078125
3 0.982421875 0.5732421875 0.0341796875 0.095703125
3 0.0419921875 0.095703125 0.083984375 0.146484375
3 0.345703125 0.0302734375 0.130859375 0.0595703125
1 0.044921875 0.095703125 0.087890625 0.1455078125
3 0.53125 0.728515625 0.1171875 0.119140625
3 0.8994140625 0.0830078125 0.201171875 0.166015625
3 0.982421875 0.26953125 0.0341796875 0.1513671875
3 0.33203125 0.857421875 0.060546875 0.060546875
3 0.701171875 0.869140625 0.142578125 0.126953125
3 0.224609375 0.462890625 0.1279296875 0.1220703125
3 0.5703125 0.966796875 0.1328125 0.0654296875
1 0.533203125 0.0732421875 0.142578125 0.1455078125
3 0.361328125 0.916015625 0.125 0.1142578125
3 0.380859375 0.6142578125 0.123046875 0.1142578125
3 0.017578125 0.7490234375 0.03515625 0.134765625
1 0.380859375 0.615234375 0.1201171875 0.1171875
1 0.9111328125 0.9072265625 0.115234375 0.115234375
3 0.62890625 0.9326171875 0.134765625 0.1279296875
3 0.9111328125 0.90625 0.1171875 0.1142578125
3 0.798828125 0.0224609375 0.1591796875 0.044921875
3 0.4306640625 0.75 0.099609375 0.111328125
3 0.8291015625 0.037109375 0.138671875 0.07421875
3 0.453125 0.767578125 0.1513671875 0.15625
3 0.2744140625 0.0078125 0.119140625 0.015625
3 0.9892578125 0.6337890625 0.021484375 0.1220703125