2 0.9208984375 0.2822265625 0.158203125 0.185546875
2 0.26171875 0.9443359375 0.126953125 0.109375
1 0.810546875 0.6318359375 0.091796875 0.087890625
3 0.2529296875 0.119140625 0.173828125 0.1513671875
2 0.6142578125 0.8447265625 0.1376953125 0.119140625
2 0.2265625 0.376953125 0.2685546875 0.2939453125
2 0.306640625 0.61328125 0.173828125 0.173828125
1 0.728515625 0.357421875 0.1015625 0.0859375
0 0.482421875 0.5390625 0.189453125 0.5439453125
3 0.57421875 0.931640625 0.1044921875 0.1015625
2 0.658203125 0.060546875 0.1640625 0.119140625
3 0.1162109375 0.068359375 0.171875 0.1357421875
2 0.0341796875 0.369140625 0.068359375 0.158203125
3 0.830078125 0.953125 0.1015625 0.09375
2 0.037109375 0.19140625 0.0732421875 0.2138671875
3 0.619140625 0.962890625 0.095703125 0.0732421875
1 0.3154296875 0.853515625 0.1015625 0.0966796875
3 0.8876953125 0.96484375 0.126953125 0.068359375
3 0.8974609375 0.759765625 0.107421875 0.1044921875
2 0.251953125 0.1181640625 0.1796875 0.1484375
3 0.931640625 0.7236328125 0.0966796875 0.09375
1 0.681640625 0.775390625 0.115234375 0.1142578125
3 0.96875 0.642578125 0.060546875 0.0888671875
3 0.759765625 0.408203125 0.103515625 0.099609375
0 0.0712890625 0.853515625 0.142578125 0.150390625
3 0.6923828125 0.302734375 0.0888671875 0.0830078125
0 0.470703125 0.41015625 0.173828125 0.2919921875
2 0.759765625 0.408203125 0.1044921875 0.1015625
2 0.349609375 0.978515625 0.1142578125 0.0419921875
1 0.9521484375 0.689453125 0.09375 0.1064453125
3 0.9716796875 0.830078125 0.056640625 0.0751953125
3 0.833984375 0.8310546875 0.0908203125 0.0810546875
2 0.892578125 0.5263671875 0.1220703125 0.099609375
2 0.041015625 0.736328125 0.0810546875 0.220703125
2 0.9775390625 0.1484375 0.044921875 0.10546875
3 0.0791015625 0.58984375 0.158203125 0.162109375
0 0.775390625 0.6181640625 0.1826171875 0.208984375
3 0.892578125 0.52734375 0.123046875 0.099609375
1 0.7021484375 0.623046875 0.0673828125 0.0732421875
3 0.810546875 0.45703125 0.0810546875 0.0751953125
3 0.158203125 0.0673828125 0.080078125 0.091796875
2 0.0712890625 0.8525390625 0.140625 0.150390625
3 0.494140625 0.4853515625 0.099609375 0.1123046875
2 0.6923828125 0.302734375 0.0859375 0.083984375
0 0.9189453125 0.380859375 0.1611328125 0.388671875
3 0.9482421875 0.849609375 0.103515625 0.1376953125
2 0.7919921875 0.880859375 0.1923828125 0.205078125
0 0.66015625 0.771484375 0.1669921875 0.1357421875
2 0.833984375 0.8330078125 0.0908203125 0.0830078125
2 0.8896484375 0.96484375 0.125 0.0703125
3 0.0478515625 0.560546875 0.09375 0.09375
0 0.4150390625 0.1025390625 0.119140625 0.203125
2 0.1845703125 0.6953125 0.1748046875 0.1748046875
2 0.416015625 0.10546875 0.111328125 0.2080078125
2 0.0791015625 0.5908203125 0.158203125 0.1591796875
3 0.017578125 0.0302734375 0.03515625 0.060546875
3 0.0986328125 0.6123046875 0.115234375 0.111328125
3 0.416015625 0.1015625 0.1171875 0.203125
3 0.79296875 0.8818359375 0.193359375 0.2080078125
3 0.662109375 0.05859375 0.158203125 0.1171875
3 0.798828125 0.8671875 0.0966796875 0.0888671875
2 0.947265625 0.849609375 0.1044921875 0.1376953125
3 0.6640625 0.98046875 0.0830078125 0.0390625
1 0.892578125 0.4658203125 0.080078125 0.0703125
3 0.162109375 0.666015625 0.109375 0.1142578125
3 0.984375 0.79296875 0.03125 0.080078125
3 0.892578125 0.4658203125 0.078125 0.072265625
3 0.1875 0.697265625 0.173828125 0.1796875
2 0.7666015625 0.1416015625 0.189453125 0.1845703125
2 0.6240234375 0.138671875 0.078125 0.0830078125
2 0.57421875 0.93359375 0.1044921875 0.103515625