3 0.0576171875 0.8310546875 0.115234375 0.130859375
3 0.28515625 0.50390625 0.1328125 0.123046875
3 0.337890625 0.5703125 0.134765625 0.1298828125
3 0.16015625 0.73828125 0.1640625 0.15625
3 0.064453125 0.6044921875 0.12890625 0.142578125
3 0.0791015625 0.9033203125 0.123046875 0.123046875
3 0.873046875 0.2705078125 0.119140625 0.1220703125
3 0.92578125 0.3544921875 0.125 0.1279296875
3 0.814453125 0.1953125 0.1220703125 0.1171875
3 0.9482421875 0.048828125 0.103515625 0.0966796875
3 0.068359375 0.2294921875 0.13671875 0.138671875
3 0.126953125 0.6572265625 0.1123046875 0.109375
3 0.6904296875 0.068359375 0.1357421875 0.1279296875
3 0.158203125 0.9423828125 0.1484375 0.115234375
3 0.451171875 0.7080078125 0.1123046875 0.1044921875
3 0.224609375 0.4423828125 0.119140625 0.111328125
3 0.7451171875 0.3505859375 0.15625 0.142578125
3 0.03515625 0.5380859375 0.0703125 0.126953125
3 0.3984375 0.6328125 0.1533203125 0.150390625
3 0.0341796875 0.1572265625 0.068359375 0.125
3 0.62109375 0.044921875 0.154296875 0.0888671875
2 0.6943359375 0.837890625 0.2236328125 0.2158203125
3 0.1171875 0.310546875 0.109375 0.111328125
3 0.443359375 0.9619140625 0.1357421875 0.076171875
3 0.4873046875 0.5146484375 0.1669921875 0.1591796875
2 0.34375 0.3154296875 0.1328125 0.142578125
2 0.76171875 0.9658203125 0.1796875 0.068359375
3 0.5009765625 0.78515625 0.1142578125 0.1044921875
3 0.6875 0.2919921875 0.150390625 0.134765625
3 0.052734375 0.708984375 0.080078125 0.080078125
3 0.615234375 0.6572265625 0.146484375 0.1357421875
3 0.1708984375 0.369140625 0.115234375 0.119140625
3 0.7548828125 0.1318359375 0.115234375 0.1123046875
3 0.23828125 0.787109375 0.1142578125 0.1123046875
3 0.78125 0.4365234375 0.1201171875 0.1044921875
3 0.892578125 0.0244140625 0.134765625 0.048828125
3 0.671875 0.7236328125 0.111328125 0.0986328125
2 0.51171875 0.0869140625 0.140625 0.1376953125
3 0.283203125 0.8388671875 0.1142578125 0.107421875
2 0.447265625 0.439453125 0.1455078125 0.1357421875
2 0.970703125 0.865234375 0.0576171875 0.099609375
2 0.2412109375 0.1953125 0.130859375 0.1279296875
3 0.529296875 0.88671875 0.1484375 0.123046875
2 0.427734375 0.0419921875 0.1533203125 0.083984375
3 0.443359375 0.4375 0.1484375 0.140625
2 0.568359375 0.1513671875 0.1484375 0.1435546875
3 0.03125 0.76171875 0.0625 0.1171875
3 0.623046875 0.2373046875 0.1171875 0.1142578125
3 0.568359375 0.15234375 0.150390625 0.1435546875
3 0.1787109375 0.107421875 0.126953125 0.1298828125
3 0.0478515625 0.7412109375 0.095703125 0.1484375
3 0.427734375 0.60546875 0.0830078125 0.0888671875
2 0.884765625 0.5322265625 0.2294921875 0.2705078125
3 0.5126953125 0.087890625 0.140625 0.134765625
3 0.703125 0.1630859375 0.0751953125 0.0703125
2 0.6259765625 0.23828125 0.119140625 0.1142578125
3 0.552734375 0.587890625 0.1669921875 0.1455078125
3 0.13671875 0.958984375 0.103515625 0.080078125
3 0.505859375 0.884765625 0.0966796875 0.0908203125
3 0.9921875 0.376953125 0.015625 0.1376953125
3 0.884765625 0.5361328125 0.2294921875 0.271484375
3 0.34375 0.3173828125 0.130859375 0.1376953125
3 0.0830078125 0.037109375 0.0986328125 0.0732421875
3 0.8623046875 0.4873046875 0.173828125 0.166015625
2 0.9697265625 0.9423828125 0.060546875 0.115234375
3 0.5400390625 0.9658203125 0.080078125 0.068359375
3 0.248046875 0.814453125 0.1923828125 0.173828125
1 0.0986328125 0.0556640625 0.138671875 0.111328125
3 0.9892578125 0.1103515625 0.021484375 0.154296875
3 0.2412109375 0.193359375 0.125 0.125
2 0.7451171875 0.353515625 0.1533203125 0.1484375
3 0.171875 0.9169921875 0.064453125 0.060546875
3 0.009765625 0.4599609375 0.017578125 0.1455078125
3 0.5205078125 0.607421875 0.107421875 0.099609375
2 0.1796875 0.1083984375 0.125 0.1298828125
3 0.1552734375 0.837890625 0.0732421875 0.0732421875
2 0.4658203125 0.05859375 0.240234375 0.1142578125
3 0.0078125 0.0986328125 0.015625 0.1044921875
3 0.5859375 0.572265625 0.1044921875 0.0986328125
3 0.3740234375 0.982421875 0.115234375 0.033203125
3 0.9921875 0.1474609375 0.013671875 0.158203125
1 0.1328125 0.154296875 0.0859375 0.087890625
3 0.9853515625 0.3818359375 0.029296875 0.158203125