2 0.662109375 0.3154296875 0.150390625 0.189453125
2 0.404296875 0.2744140625 0.154296875 0.181640625
2 0.55078125 0.169921875 0.1845703125 0.1640625
2 0.212890625 0.5458984375 0.162109375 0.1875
2 0.515625 0.416015625 0.1796875 0.138671875
2 0.337890625 0.787109375 0.1533203125 0.1875
2 0.388671875 0.603515625 0.1875 0.171875
2 0.869140625 0.673828125 0.2314453125 0.1953125
2 0.69921875 0.087890625 0.265625 0.1748046875
2 0.162109375 0.7353515625 0.185546875 0.171875
2 0.2958984375 0.654296875 0.1015625 0.095703125
2 0.5439453125 0.298828125 0.1064453125 0.09375
2 0.91796875 0.5361328125 0.091796875 0.1044921875
2 0.123046875 0.8994140625 0.24609375 0.201171875
2 0.5361328125 0.908203125 0.1904296875 0.1826171875
2 0.73828125 0.591796875 0.076171875 0.091796875
2 0.98046875 0.607421875 0.0390625 0.158203125
2 0.123046875 0.0419921875 0.1875 0.083984375
2 0.8681640625 0.0224609375 0.1357421875 0.0439453125
2 0.060546875 0.078125 0.12109375 0.15625
2 0.7890625 0.861328125 0.4033203125 0.2626953125
2 0.8837890625 0.4208984375 0.201171875 0.2451171875
2 0.029296875 0.1552734375 0.05859375 0.123046875
2 0.9609375 0.2734375 0.076171875 0.166015625
2 0.083984375 0.5439453125 0.16796875 0.314453125
2 0.025390625 0.9775390625 0.05078125 0.041015625
2 0.8828125 0.291015625 0.232421875 0.5126953125