3 0.837890625 0.7548828125 0.15625 0.142578125
3 0.9423828125 0.8837890625 0.115234375 0.119140625
3 0.775390625 0.7021484375 0.1201171875 0.1201171875
3 0.0537109375 0.8076171875 0.1064453125 0.1201171875
3 0.8857421875 0.5869140625 0.125 0.125
3 0.103515625 0.7568359375 0.1220703125 0.1220703125
3 0.427734375 0.904296875 0.1328125 0.1357421875
3 0.6689453125 0.9130859375 0.1142578125 0.1142578125
3 0.8720703125 0.8369140625 0.1201171875 0.1220703125
3 0.724609375 0.9580078125 0.1044921875 0.083984375
3 0.359375 0.8408203125 0.138671875 0.1357421875
3 0.1630859375 0.6953125 0.140625 0.138671875
3 0.9443359375 0.642578125 0.1044921875 0.1064453125
3 0.544921875 0.80078125 0.1357421875 0.1328125
3 0.599609375 0.869140625 0.158203125 0.146484375
3 0.837890625 0.517578125 0.1142578125 0.1064453125
3 0.482421875 0.9658203125 0.126953125 0.068359375
3 0.2314453125 0.642578125 0.1298828125 0.1279296875
3 0.6416015625 0.572265625 0.140625 0.1455078125
3 0.701171875 0.650390625 0.1142578125 0.109375
3 0.96875 0.9345703125 0.060546875 0.1279296875
3 0.6982421875 0.501953125 0.111328125 0.1015625
2 0.091796875 0.033203125 0.13671875 0.06640625
3 0.1962890625 0.9599609375 0.119140625 0.080078125
3 0.9658203125 0.708984375 0.068359375 0.134765625
3 0.021484375 0.8720703125 0.04296875 0.126953125
2 0.640625 0.572265625 0.1376953125 0.146484375
3 0.056640625 0.5673828125 0.1123046875 0.1279296875
2 0.9228515625 0.27734375 0.134765625 0.140625
3 0.1005859375 0.513671875 0.119140625 0.1201171875
2 0.5732421875 0.0791015625 0.1611328125 0.158203125
3 0.767578125 0.4404296875 0.1357421875 0.134765625
3 0.2373046875 0.51171875 0.158203125 0.146484375
2 0.3935546875 0.2783203125 0.228515625 0.2158203125
2 0.361328125 0.244140625 0.158203125 0.1533203125
2 0.310546875 0.580078125 0.1357421875 0.1298828125
2 0.955078125 0.3486328125 0.0859375 0.130859375
3 0.4619140625 0.1943359375 0.154296875 0.154296875
3 0.3125 0.5810546875 0.1357421875 0.1298828125
3 0.5751953125 0.3173828125 0.1201171875 0.123046875
3 0.025390625 0.619140625 0.0498046875 0.1376953125
3 0.564453125 0.9775390625 0.119140625 0.044921875
3 0.4091796875 0.783203125 0.1171875 0.1220703125
3 0.7744140625 0.9892578125 0.1015625 0.021484375
2 0.041015625 0.0771484375 0.0810546875 0.150390625
2 0.7666015625 0.4404296875 0.1357421875 0.134765625
3 0.173828125 0.4365234375 0.154296875 0.154296875
2 0.4970703125 0.3857421875 0.1435546875 0.142578125
0 0.82421875 0.111328125 0.322265625 0.2138671875
2 0.462890625 0.193359375 0.1533203125 0.1533203125
2 0.9677734375 0.208984375 0.060546875 0.1015625
2 0.515625 0.14453125 0.1357421875 0.138671875
3 0.515625 0.1435546875 0.1376953125 0.138671875
3 0.6357421875 0.267578125 0.1142578125 0.1044921875
2 0.4345703125 0.3076171875 0.150390625 0.1533203125
2 0.63671875 0.267578125 0.1123046875 0.1064453125
3 0.4521484375 0.75 0.2138671875 0.197265625
3 0.986328125 0.419921875 0.0263671875 0.1328125
2 0.173828125 0.4365234375 0.158203125 0.15625
3 0.625 0.849609375 0.1064453125 0.109375
2 0.5751953125 0.31640625 0.1201171875 0.123046875
2 0.8583984375 0.080078125 0.271484375 0.16015625
2 0.0419921875 0.2802734375 0.083984375 0.1533203125
3 0.6162109375 0.958984375 0.0888671875 0.0810546875
0 0.0634765625 0.3056640625 0.126953125 0.2109375
2 0.748046875 0.1435546875 0.1513671875 0.146484375
3 0.1318359375 0.9814453125 0.119140625 0.037109375