1 0.212890625 0.490234375 0.1669921875 0.177734375
3 0.59375 0.1220703125 0.146484375 0.146484375
3 0.728515625 0.564453125 0.1123046875 0.15625
3 0.345703125 0.5966796875 0.09375 0.140625
3 0.6494140625 0.3505859375 0.125 0.1142578125
3 0.97265625 0.787109375 0.052734375 0.0888671875
3 0.2353515625 0.6640625 0.0703125 0.09375
1 0.162109375 0.322265625 0.0546875 0.056640625
1 0.224609375 0.2236328125 0.126953125 0.126953125
3 0.2236328125 0.2275390625 0.125 0.119140625
1 0.5029296875 0.541015625 0.0859375 0.1015625
3 0.9853515625 0.9365234375 0.029296875 0.111328125
3 0.2919921875 0.0517578125 0.0732421875 0.103515625
1 0.291015625 0.05078125 0.080078125 0.1015625
1 0.6435546875 0.564453125 0.078125 0.115234375
1 0.013671875 0.7578125 0.02734375 0.08203125
3 0.7705078125 0.3935546875 0.0908203125 0.080078125
1 0.943359375 0.83203125 0.0390625 0.0546875