3 0.943359375 0.318359375 0.1123046875 0.103515625
2 0.306640625 0.703125 0.123046875 0.1142578125
3 0.9697265625 0.6708984375 0.060546875 0.107421875
0 0.6396484375 0.216796875 0.1298828125 0.1328125
3 0.958984375 0.54296875 0.0810546875 0.1591796875
1 0.2421875 0.5478515625 0.0703125 0.0595703125
2 0.6396484375 0.2177734375 0.1298828125 0.134765625
1 0.642578125 0.220703125 0.1298828125 0.1298828125
0 0.7138671875 0.087890625 0.1767578125 0.169921875
1 0.404296875 0.7138671875 0.107421875 0.1123046875
0 0.060546875 0.302734375 0.1201171875 0.279296875
2 0.974609375 0.05078125 0.0498046875 0.1015625
2 0.71484375 0.095703125 0.173828125 0.1611328125