1 0.853515625 0.9609375 0.080078125 0.076171875
1 0.2021484375 0.212890625 0.0732421875 0.0908203125
1 0.5556640625 0.525390625 0.0654296875 0.0751953125
3 0.943359375 0.2353515625 0.1123046875 0.119140625
3 0.552734375 0.7099609375 0.119140625 0.1357421875
3 0.7412109375 0.71484375 0.1826171875 0.1201171875
3 0.9150390625 0.134765625 0.130859375 0.1064453125
3 0.9677734375 0.498046875 0.0625 0.0908203125
3 0.802734375 0.533203125 0.1357421875 0.115234375
3 0.27734375 0.748046875 0.1142578125 0.1142578125
3 0.296875 0.865234375 0.083984375 0.080078125
3 0.068359375 0.93359375 0.1044921875 0.1298828125
3 0.689453125 0.298828125 0.1064453125 0.095703125
3 0.232421875 0.359375 0.115234375 0.169921875
3 0.591796875 0.41796875 0.1435546875 0.0966796875
1 0.380859375 0.9765625 0.1142578125 0.046875
3 0.6630859375 0.5439453125 0.09375 0.1015625
1 0.962890625 0.318359375 0.072265625 0.068359375
3 0.025390625 0.251953125 0.0498046875 0.087890625
3 0.1708984375 0.802734375 0.1220703125 0.064453125
3 0.453125 0.708984375 0.087890625 0.0830078125
3 0.02734375 0.095703125 0.0546875 0.099609375
3 0.0849609375 0.74609375 0.0810546875 0.076171875
3 0.12890625 0.3544921875 0.125 0.1171875
1 0.439453125 0.30859375 0.080078125 0.068359375
1 0.455078125 0.6748046875 0.1220703125 0.154296875
3 0.482421875 0.0634765625 0.1015625 0.0830078125
3 0.1025390625 0.224609375 0.1328125 0.1279296875
1 0.3486328125 0.4033203125 0.1767578125 0.2080078125
1 0.9521484375 0.681640625 0.095703125 0.1533203125
3 0.3779296875 0.9775390625 0.1044921875 0.044921875
3 0.4560546875 0.673828125 0.1220703125 0.1533203125
3 0.0595703125 0.6162109375 0.0888671875 0.109375
3 0.349609375 0.40234375 0.171875 0.203125
3 0.9619140625 0.390625 0.0751953125 0.1044921875
1 0.05859375 0.6162109375 0.0908203125 0.107421875
3 0.9521484375 0.68359375 0.095703125 0.154296875
3 0.59765625 0.048828125 0.10546875 0.09765625
3 0.9013671875 0.009765625 0.123046875 0.01953125
3 0.0283203125 0.017578125 0.056640625 0.0341796875
3 0.7099609375 0.0439453125 0.1357421875 0.0859375
1 0.5966796875 0.048828125 0.103515625 0.09765625
1 0.0849609375 0.7470703125 0.083984375 0.0751953125
3 0.8212890625 0.806640625 0.1015625 0.0966796875
1 0.10546875 0.220703125 0.1357421875 0.1357421875
1 0.708984375 0.04296875 0.1357421875 0.0859375
1 0.689453125 0.158203125 0.1015625 0.076171875
3 0.365234375 0.447265625 0.1298828125 0.119140625
1 0.0517578125 0.337890625 0.078125 0.091796875
1 0.740234375 0.037109375 0.0673828125 0.0732421875
3 0.689453125 0.1591796875 0.1015625 0.080078125
1 0.9404296875 0.3603515625 0.119140625 0.1689453125
1 0.7978515625 0.8203125 0.1640625 0.1357421875