3 0.1142578125 0.404296875 0.0751953125 0.1015625
1 0.0556640625 0.951171875 0.076171875 0.0966796875
3 0.0400390625 0.421875 0.080078125 0.1484375
3 0.1708984375 0.1318359375 0.0966796875 0.095703125
3 0.119140625 0.0576171875 0.1357421875 0.115234375
3 0.4775390625 0.892578125 0.080078125 0.099609375
3 0.345703125 0.5458984375 0.099609375 0.1201171875
3 0.611328125 0.15234375 0.109375 0.083984375
3 0.2734375 0.955078125 0.1015625 0.0888671875
3 0.2880859375 0.771484375 0.1220703125 0.1533203125
3 0.8720703125 0.3154296875 0.150390625 0.1171875
3 0.52734375 0.0849609375 0.203125 0.169921875
3 0.076171875 0.6240234375 0.0595703125 0.099609375
1 0.130859375 0.22265625 0.0673828125 0.095703125
3 0.142578125 0.822265625 0.1064453125 0.1611328125
1 0.1796875 0.41796875 0.0810546875 0.095703125
3 0.3427734375 0.927734375 0.099609375 0.1298828125
1 0.314453125 0.0673828125 0.150390625 0.130859375
3 0.201171875 0.759765625 0.080078125 0.087890625
3 0.802734375 0.154296875 0.1748046875 0.1923828125
3 0.064453125 0.8369140625 0.0673828125 0.1357421875
3 0.9345703125 0.1142578125 0.130859375 0.119140625
3 0.333984375 0.7255859375 0.0703125 0.0859375
3 0.650390625 0.2333984375 0.1328125 0.142578125
1 0.017578125 0.826171875 0.03515625 0.12890625
3 0.9111328125 0.021484375 0.123046875 0.04296875
3 0.41015625 0.904296875 0.1015625 0.109375
3 0.4111328125 0.734375 0.107421875 0.1298828125
1 0.50390625 0.291015625 0.09375 0.1220703125
3 0.6376953125 0.83203125 0.1767578125 0.189453125
1 0.5732421875 0.2705078125 0.109375 0.119140625
1 0.052734375 0.208984375 0.1044921875 0.1142578125
3 0.2705078125 0.5849609375 0.099609375 0.1015625
3 0.3662109375 0.2646484375 0.0751953125 0.09375
2 0.748046875 0.603515625 0.2451171875 0.279296875
3 0.7470703125 0.0625 0.1142578125 0.0908203125
3 0.408203125 0.2783203125 0.1689453125 0.177734375
3 0.958984375 0.271484375 0.080078125 0.119140625
3 0.021484375 0.6220703125 0.04296875 0.095703125
2 0.78515625 0.751953125 0.1484375 0.1435546875
3 0.7763671875 0.1396484375 0.1064453125 0.080078125
1 0.9365234375 0.9697265625 0.126953125 0.060546875
0 0.611328125 0.564453125 0.4091796875 0.470703125
2 0.638671875 0.833984375 0.1796875 0.193359375
3 0.6953125 0.9697265625 0.1640625 0.060546875
1 0.267578125 0.431640625 0.1455078125 0.1455078125
3 0.134765625 0.6103515625 0.0986328125 0.1435546875
3 0.236328125 0.52734375 0.0654296875 0.0703125
3 0.912109375 0.369140625 0.0986328125 0.083984375
1 0.1962890625 0.228515625 0.048828125 0.0830078125
3 0.1943359375 0.2275390625 0.056640625 0.0859375
1 0.728515625 0.013671875 0.1142578125 0.0263671875
3 0.5048828125 0.291015625 0.0888671875 0.1201171875
3 0.193359375 0.578125 0.119140625 0.1591796875
3 0.048828125 0.1318359375 0.0673828125 0.064453125
3 0.595703125 0.1005859375 0.1044921875 0.0859375
2 0.884765625 0.912109375 0.1845703125 0.166015625
3 0.216796875 0.7978515625 0.1123046875 0.166015625
1 0.171875 0.4375 0.1123046875 0.150390625
2 0.7001953125 0.970703125 0.1435546875 0.0576171875
3 0.705078125 0.3818359375 0.1044921875 0.0966796875
1 0.2763671875 0.025390625 0.134765625 0.05078125
3 0.7861328125 0.755859375 0.1455078125 0.1357421875
3 0.51953125 0.021484375 0.1435546875 0.0419921875
3 0.6748046875 0.416015625 0.2080078125 0.1767578125
3 0.2763671875 0.025390625 0.1171875 0.0498046875
3 0.017578125 0.82421875 0.0341796875 0.1298828125
1 0.7373046875 0.0537109375 0.138671875 0.107421875
3 0.9443359375 0.0498046875 0.111328125 0.091796875
2 0.6044921875 0.4599609375 0.3857421875 0.2607421875
3 0.5078125 0.46484375 0.1796875 0.140625
3 0.5 0.126953125 0.076171875 0.0732421875
1 0.80078125 0.15625 0.177734375 0.197265625