1 0.9287109375 0.150390625 0.1201171875 0.119140625
1 0.9072265625 0.357421875 0.099609375 0.09375
3 0.4931640625 0.8720703125 0.1044921875 0.0986328125
3 0.830078125 0.830078125 0.134765625 0.150390625
1 0.9365234375 0.63671875 0.126953125 0.134765625
1 0.7919921875 0.2294921875 0.0703125 0.0703125
1 0.607421875 0.626953125 0.134765625 0.126953125
3 0.5869140625 0.9560546875 0.1220703125 0.087890625
1 0.8525390625 0.2041015625 0.068359375 0.0673828125
3 0.5205078125 0.787109375 0.0625 0.0732421875
1 0.3671875 0.654296875 0.115234375 0.1279296875
3 0.607421875 0.630859375 0.130859375 0.126953125
3 0.5 0.833984375 0.1376953125 0.1796875
3 0.3662109375 0.654296875 0.1171875 0.1298828125
1 0.9091796875 0.98046875 0.1201171875 0.0390625
3 0.8505859375 0.203125 0.068359375 0.068359375
3 0.720703125 0.306640625 0.0654296875 0.052734375
1 0.4736328125 0.955078125 0.052734375 0.0546875
1 0.8271484375 0.10546875 0.0830078125 0.0830078125