1 0.283203125 0.720703125 0.111328125 0.0908203125
3 0.552734375 0.15234375 0.158203125 0.1455078125
3 0.9462890625 0.138671875 0.107421875 0.130859375
3 0.048828125 0.806640625 0.0966796875 0.1142578125
3 0.310546875 0.2119140625 0.1455078125 0.126953125
3 0.658203125 0.478515625 0.1484375 0.1171875
3 0.2509765625 0.0517578125 0.1669921875 0.1015625
3 0.9287109375 0.052734375 0.1376953125 0.1044921875
3 0.796875 0.3740234375 0.109375 0.107421875
3 0.228515625 0.458984375 0.125 0.115234375
3 0.6787109375 0.646484375 0.1123046875 0.1064453125
3 0.2607421875 0.6240234375 0.123046875 0.1044921875
3 0.412109375 0.9423828125 0.166015625 0.1142578125
3 0.9326171875 0.9501953125 0.1328125 0.0986328125
3 0.353515625 0.2880859375 0.091796875 0.091796875
3 0.7109375 0.080078125 0.107421875 0.1015625
3 0.58984375 0.326171875 0.1640625 0.1220703125
3 0.7373046875 0.18359375 0.107421875 0.107421875
3 0.416015625 0.533203125 0.115234375 0.103515625
3 0.84375 0.5693359375 0.1328125 0.1142578125
3 0.236328125 0.546875 0.109375 0.103515625
3 0.818359375 0.4638671875 0.1533203125 0.1357421875
3 0.7646484375 0.275390625 0.134765625 0.130859375
3 0.439453125 0.6064453125 0.1376953125 0.109375
3 0.1005859375 0.076171875 0.1220703125 0.115234375
3 0.40625 0.4501953125 0.0966796875 0.095703125
3 0.3779296875 0.373046875 0.1044921875 0.1015625
3 0.880859375 0.654296875 0.1328125 0.126953125
3 0.6201171875 0.408203125 0.1201171875 0.111328125
3 0.0234375 0.462890625 0.046875 0.1015625
3 0.048828125 0.623046875 0.0966796875 0.1044921875
3 0.662109375 0.560546875 0.134765625 0.119140625
3 0.1708984375 0.271484375 0.1689453125 0.1455078125
3 0.474609375 0.8720703125 0.1123046875 0.099609375
3 0.490234375 0.765625 0.1298828125 0.1044921875
3 0.0341796875 0.8818359375 0.068359375 0.1298828125
1 0.2685546875 0.8203125 0.0859375 0.1123046875
3 0.974609375 0.3369140625 0.0498046875 0.126953125
3 0.1953125 0.3818359375 0.1435546875 0.125
3 0.701171875 0.93359375 0.1142578125 0.0986328125
3 0.9072265625 0.7529296875 0.1298828125 0.1279296875
3 0.5576171875 0.2470703125 0.1220703125 0.1142578125
3 0.9658203125 0.2314453125 0.068359375 0.123046875
3 0.060546875 0.70703125 0.080078125 0.080078125
3 0.134765625 0.2734375 0.076171875 0.09375
3 0.037109375 0.5439453125 0.07421875 0.111328125
3 0.458984375 0.6865234375 0.15625 0.1201171875
3 0.71875 0.830078125 0.123046875 0.103515625
3 0.068359375 0.025390625 0.09765625 0.05078125
3 0.232421875 0.9140625 0.0908203125 0.09375
3 0.705078125 0.7255859375 0.095703125 0.09375
3 0.6630859375 0.9853515625 0.119140625 0.029296875
3 0.9345703125 0.86328125 0.1142578125 0.1044921875
1 0.935546875 0.861328125 0.1142578125 0.107421875
3 0.9931640625 0.4287109375 0.0126953125 0.1171875
1 0.037109375 0.5458984375 0.0732421875 0.109375
1 0.7041015625 0.724609375 0.095703125 0.095703125
3 0.009765625 0.9384765625 0.0185546875 0.123046875
3 0.2001953125 0.318359375 0.0673828125 0.044921875
3 0.669921875 0.51953125 0.1845703125 0.203125
3 0.189453125 0.97265625 0.1435546875 0.0546875
3 0.1943359375 0.2568359375 0.0986328125 0.1142578125
1 0.1865234375 0.9736328125 0.134765625 0.052734375