2 0.75 0.490234375 0.1669921875 0.2109375
2 0.7001953125 0.9189453125 0.162109375 0.162109375
2 0.193359375 0.697265625 0.1845703125 0.234375
2 0.5791015625 0.3505859375 0.185546875 0.240234375
2 0.37890625 0.9169921875 0.2705078125 0.166015625
2 0.7548828125 0.1044921875 0.1845703125 0.208984375
2 0.8662109375 0.576171875 0.109375 0.1142578125
2 0.71875 0.6943359375 0.236328125 0.1953125
2 0.9189453125 0.220703125 0.162109375 0.2392578125
2 0.076171875 0.0751953125 0.15234375 0.150390625
2 0.349609375 0.19140625 0.1923828125 0.2470703125
2 0.0888671875 0.9375 0.1357421875 0.123046875
2 0.5419921875 0.1552734375 0.0966796875 0.109375
2 0.482421875 0.0341796875 0.126953125 0.068359375
2 0.029296875 0.240234375 0.0576171875 0.1142578125
2 0.0830078125 0.599609375 0.166015625 0.265625
2 0.1640625 0.970703125 0.119140625 0.0576171875
2 0.041015625 0.7978515625 0.080078125 0.0732421875
0 0.345703125 0.4287109375 0.3251953125 0.2451171875
2 0.6376953125 0.505859375 0.0830078125 0.0908203125
2 0.341796875 0.435546875 0.328125 0.2470703125
2 0.931640625 0.0888671875 0.076171875 0.072265625
2 0.03125 0.185546875 0.0625 0.234375
3 0.1611328125 0.96875 0.125 0.0625
2 0.169921875 0.0244140625 0.1796875 0.048828125
3 0.03125 0.927734375 0.0625 0.1220703125
1 0.0302734375 0.927734375 0.060546875 0.123046875
2 0.03125 0.9296875 0.0625 0.123046875
2 0.9853515625 0.3837890625 0.0283203125 0.1904296875
2 0.919921875 0.82421875 0.1591796875 0.162109375