3 0.2470703125 0.048828125 0.1279296875 0.0966796875
3 0.302734375 0.2919921875 0.158203125 0.125
3 0.0341796875 0.1005859375 0.068359375 0.0966796875
3 0.283203125 0.2041015625 0.1328125 0.109375
3 0.6953125 0.9375 0.130859375 0.123046875
3 0.767578125 0.8720703125 0.126953125 0.1201171875
3 0.712890625 0.0869140625 0.1611328125 0.150390625
2 0.9033203125 0.0400390625 0.193359375 0.080078125
3 0.134765625 0.5615234375 0.1328125 0.1513671875
3 0.029296875 0.033203125 0.05859375 0.06640625
3 0.2626953125 0.1240234375 0.1328125 0.1123046875
3 0.6689453125 0.0390625 0.1533203125 0.078125
3 0.208984375 0.654296875 0.1513671875 0.1484375
3 0.51171875 0.8955078125 0.1279296875 0.125
3 0.900390625 0.7265625 0.1357421875 0.1376953125
3 0.58984375 0.822265625 0.1171875 0.1298828125
2 0.435546875 0.953125 0.1689453125 0.091796875
3 0.044921875 0.611328125 0.0888671875 0.1123046875
3 0.890625 0.5615234375 0.1513671875 0.146484375
3 0.9443359375 0.4931640625 0.111328125 0.146484375
3 0.962890625 0.9501953125 0.0732421875 0.099609375
3 0.4111328125 0.0537109375 0.1533203125 0.1064453125
2 0.458984375 0.431640625 0.15625 0.185546875
3 0.6171875 0.96875 0.1376953125 0.0625
3 0.4482421875 0.126953125 0.1357421875 0.126953125
3 0.439453125 0.244140625 0.0751953125 0.076171875
3 0.5478515625 0.2626953125 0.1015625 0.0986328125
3 0.4814453125 0.2333984375 0.1669921875 0.1611328125
3 0.064453125 0.3671875 0.1220703125 0.0986328125
3 0.4384765625 0.953125 0.1689453125 0.091796875
3 0.53125 0.373046875 0.107421875 0.1064453125
3 0.966796875 0.673828125 0.064453125 0.1201171875
2 0.1416015625 0.724609375 0.1298828125 0.142578125
3 0.0654296875 0.3134765625 0.130859375 0.2060546875
2 0.7626953125 0.158203125 0.126953125 0.1123046875
3 0.4599609375 0.431640625 0.1513671875 0.1875
3 0.0498046875 0.2646484375 0.0986328125 0.099609375
2 0.2099609375 0.6552734375 0.1513671875 0.1513671875
3 0.759765625 0.677734375 0.134765625 0.1376953125
2 0.80859375 0.607421875 0.0986328125 0.0908203125
1 0.84375 0.7958984375 0.103515625 0.09375
2 0.595703125 0.310546875 0.115234375 0.1171875
3 0.80859375 0.6083984375 0.0966796875 0.091796875
3 0.9794921875 0.419921875 0.041015625 0.1455078125
1 0.3115234375 0.3828125 0.080078125 0.078125
3 0.595703125 0.3125 0.1123046875 0.1142578125
3 0.9384765625 0.984375 0.109375 0.03125
3 0.216796875 0.0087890625 0.1328125 0.017578125
3 0.380859375 0.197265625 0.044921875 0.0498046875
3 0.705078125 0.703125 0.1611328125 0.1904296875
2 0.728515625 0.703125 0.212890625 0.193359375
3 0.033203125 0.1689453125 0.06640625 0.076171875
2 0.041015625 0.845703125 0.08203125 0.125
1 0.4111328125 0.0537109375 0.1513671875 0.107421875
3 0.501953125 0.2119140625 0.1123046875 0.111328125
3 0.7607421875 0.1572265625 0.125 0.1123046875
3 0.345703125 0.4970703125 0.1767578125 0.21875
2 0.345703125 0.5029296875 0.1748046875 0.2060546875
2 0.5322265625 0.373046875 0.1064453125 0.1015625
3 0.244140625 0.3720703125 0.048828125 0.037109375
3 0.8447265625 0.794921875 0.099609375 0.0986328125
3 0.673828125 0.80078125 0.078125 0.0810546875