3 0.1728515625 0.54296875 0.115234375 0.1220703125
1 0.734375 0.0810546875 0.1171875 0.1201171875
3 0.11328125 0.193359375 0.091796875 0.0830078125
3 0.9423828125 0.7783203125 0.115234375 0.130859375
3 0.2001953125 0.33984375 0.134765625 0.109375
3 0.2578125 0.169921875 0.115234375 0.1279296875
1 0.73828125 0.861328125 0.1328125 0.1044921875
3 0.3720703125 0.9052734375 0.109375 0.1064453125
3 0.150390625 0.82421875 0.1123046875 0.1064453125
3 0.62109375 0.275390625 0.1669921875 0.158203125
1 0.404296875 0.794921875 0.2060546875 0.181640625
3 0.58984375 0.669921875 0.115234375 0.087890625
1 0.892578125 0.2177734375 0.107421875 0.1142578125
3 0.7578125 0.779296875 0.1201171875 0.109375
1 0.259765625 0.685546875 0.099609375 0.095703125
1 0.9345703125 0.4443359375 0.130859375 0.146484375
3 0.5576171875 0.7666015625 0.1201171875 0.119140625
3 0.7607421875 0.970703125 0.1171875 0.056640625
3 0.033203125 0.4736328125 0.06640625 0.119140625
3 0.66015625 0.9619140625 0.1171875 0.076171875
2 0.6220703125 0.27734375 0.166015625 0.15625
2 0.7265625 0.37109375 0.162109375 0.1611328125
1 0.025390625 0.09765625 0.05078125 0.10546875
3 0.724609375 0.37109375 0.15625 0.1591796875
3 0.818359375 0.6455078125 0.1279296875 0.1123046875
3 0.09765625 0.533203125 0.099609375 0.111328125
0 0.8876953125 0.216796875 0.130859375 0.134765625
3 0.34765625 0.349609375 0.126953125 0.1455078125
0 0.6953125 0.4697265625 0.318359375 0.388671875
3 0.9384765625 0.4453125 0.123046875 0.1435546875
3 0.7099609375 0.16015625 0.0625 0.072265625
3 0.888671875 0.94140625 0.1220703125 0.107421875
1 0.345703125 0.349609375 0.1279296875 0.146484375
3 0.7373046875 0.86328125 0.1279296875 0.1064453125
3 0.037109375 0.0126953125 0.07421875 0.025390625
3 0.8125 0.0322265625 0.0498046875 0.056640625
3 0.853515625 0.982421875 0.1171875 0.033203125
1 0.6201171875 0.275390625 0.1689453125 0.1591796875
1 0.3056640625 0.77734375 0.0654296875 0.076171875
1 0.58203125 0.861328125 0.064453125 0.072265625
1 0.888671875 0.9423828125 0.111328125 0.103515625
1 0.373046875 0.9072265625 0.109375 0.1044921875
1 0.0341796875 0.470703125 0.068359375 0.1201171875
0 0.6484375 0.5732421875 0.169921875 0.1923828125