3 0.427734375 0.9296875 0.1484375 0.140625
3 0.0859375 0.7041015625 0.154296875 0.1533203125
3 0.1083984375 0.466796875 0.158203125 0.150390625
3 0.2626953125 0.8876953125 0.138671875 0.1435546875
3 0.0654296875 0.16015625 0.130859375 0.138671875
3 0.865234375 0.86328125 0.134765625 0.1328125
3 0.181640625 0.404296875 0.146484375 0.140625
3 0.5537109375 0.8076171875 0.1513671875 0.1533203125
3 0.48046875 0.337890625 0.134765625 0.130859375
3 0.8056640625 0.9248046875 0.1484375 0.1376953125
3 0.498046875 0.8720703125 0.1376953125 0.1328125
3 0.537109375 0.255859375 0.1142578125 0.115234375
3 0.197265625 0.939453125 0.140625 0.1201171875
3 0.650390625 0.5166015625 0.1435546875 0.1435546875
3 0.154296875 0.6455078125 0.125 0.140625
3 0.2353515625 0.3427734375 0.126953125 0.1298828125
3 0.412109375 0.3994140625 0.119140625 0.119140625
3 0.4443359375 0.69140625 0.146484375 0.1455078125
3 0.369140625 0.185546875 0.1923828125 0.158203125
3 0.119140625 0.0908203125 0.1455078125 0.1533203125
3 0.8203125 0.12109375 0.125 0.1484375
3 0.5771484375 0.576171875 0.1376953125 0.140625
3 0.900390625 0.169921875 0.109375 0.1298828125
3 0.6298828125 0.748046875 0.1357421875 0.134765625
3 0.0341796875 0.2333984375 0.068359375 0.142578125
3 0.2685546875 0.5205078125 0.1767578125 0.15625
3 0.7353515625 0.958984375 0.1142578125 0.0810546875
3 0.943359375 0.052734375 0.1123046875 0.103515625
3 0.0458984375 0.52734375 0.091796875 0.1171875
3 0.3125 0.8154296875 0.1201171875 0.1142578125
3 0.599609375 0.0625 0.1953125 0.123046875
3 0.724609375 0.384765625 0.1923828125 0.2314453125
3 0.689453125 0.689453125 0.1357421875 0.1376953125
3 0.755859375 0.630859375 0.134765625 0.142578125
3 0.2939453125 0.2705078125 0.1123046875 0.109375
3 0.3583984375 0.462890625 0.109375 0.1064453125
3 0.9189453125 0.9462890625 0.1611328125 0.1044921875
3 0.748046875 0.3388671875 0.115234375 0.1279296875
3 0.9599609375 0.1962890625 0.080078125 0.158203125
3 0.5029296875 0.623046875 0.119140625 0.119140625
3 0.9267578125 0.794921875 0.146484375 0.15234375
3 0.4755859375 0.03125 0.119140625 0.0625
3 0.021484375 0.5859375 0.04296875 0.14453125
3 0.892578125 0.513671875 0.1171875 0.115234375
1 0.8173828125 0.564453125 0.1328125 0.140625
3 0.380859375 0.755859375 0.1298828125 0.125
3 0.1083984375 0.97265625 0.1328125 0.0546875
3 0.029296875 0.0244140625 0.0576171875 0.048828125
3 0.3701171875 0.9794921875 0.130859375 0.041015625
3 0.890625 0.390625 0.078125 0.087890625
3 0.21484375 0.595703125 0.103515625 0.1044921875
3 0.3740234375 0.017578125 0.130859375 0.03515625
3 0.9638671875 0.744140625 0.072265625 0.138671875
3 0.6611328125 0.984375 0.125 0.029296875
3 0.021484375 0.830078125 0.0419921875 0.1357421875
3 0.0498046875 0.771484375 0.0986328125 0.1123046875
3 0.986328125 0.884765625 0.0263671875 0.1123046875
3 0.876953125 0.02734375 0.123046875 0.0546875
3 0.5390625 0.685546875 0.0751953125 0.0703125
3 0.9453125 0.4287109375 0.109375 0.1142578125
3 0.544921875 0.603515625 0.208984375 0.2060546875
1 0.0458984375 0.771484375 0.091796875 0.1142578125
3 0.7041015625 0.4306640625 0.1455078125 0.1376953125
3 0.8994140625 0.9697265625 0.1201171875 0.060546875
3 0.951171875 0.341796875 0.095703125 0.1123046875
3 0.560546875 0.048828125 0.11328125 0.09765625
1 0.943359375 0.427734375 0.1123046875 0.111328125
3 0.4365234375 0.79296875 0.0625 0.060546875
1 0.369140625 0.185546875 0.1953125 0.15625