3 0.349609375 0.4951171875 0.142578125 0.1171875
3 0.296875 0.248046875 0.123046875 0.107421875
3 0.2939453125 0.3359375 0.1513671875 0.119140625
3 0.951171875 0.2119140625 0.0966796875 0.1220703125
3 0.392578125 0.6572265625 0.1328125 0.109375
3 0.9345703125 0.130859375 0.130859375 0.1123046875
3 0.556640625 0.3720703125 0.134765625 0.109375
3 0.701171875 0.943359375 0.1142578125 0.1123046875
3 0.142578125 0.861328125 0.109375 0.1533203125
3 0.2265625 0.8271484375 0.111328125 0.1328125
3 0.3349609375 0.4150390625 0.1171875 0.109375
3 0.7509765625 0.4013671875 0.109375 0.1015625
3 0.619140625 0.611328125 0.111328125 0.103515625
3 0.806640625 0.6455078125 0.1298828125 0.1064453125
3 0.5986328125 0.53125 0.111328125 0.1044921875
3 0.6689453125 0.076171875 0.1142578125 0.0986328125
3 0.4560546875 0.0556640625 0.107421875 0.095703125
3 0.1279296875 0.380859375 0.1142578125 0.099609375
3 0.8828125 0.9619140625 0.14453125 0.076171875
3 0.27734375 0.1728515625 0.1171875 0.1015625
3 0.103515625 0.275390625 0.173828125 0.1484375
3 0.791015625 0.56640625 0.134765625 0.107421875
3 0.572265625 0.451171875 0.1220703125 0.1064453125
3 0.6943359375 0.8505859375 0.1328125 0.107421875
3 0.4892578125 0.126953125 0.1279296875 0.1064453125
3 0.150390625 0.458984375 0.1015625 0.0908203125
3 0.4462890625 0.8056640625 0.107421875 0.099609375
3 0.384765625 0.568359375 0.1171875 0.1064453125
3 0.73046875 0.318359375 0.1279296875 0.1123046875
1 0.4111328125 0.9462890625 0.095703125 0.107421875
3 0.6845703125 0.162109375 0.1123046875 0.111328125
3 0.248046875 0.9482421875 0.111328125 0.099609375
3 0.2978515625 0.7880859375 0.1015625 0.1142578125
3 0.248046875 0.06640625 0.130859375 0.1328125
3 0.1640625 0.0966796875 0.1279296875 0.1484375
3 0.078125 0.130859375 0.115234375 0.1171875
3 0.9228515625 0.052734375 0.134765625 0.1044921875
3 0.69921875 0.240234375 0.1201171875 0.103515625
3 0.6435546875 0.025390625 0.1142578125 0.0498046875
3 0.6708984375 0.763671875 0.1298828125 0.109375
3 0.427734375 0.7314453125 0.1123046875 0.1044921875
3 0.638671875 0.69140625 0.1220703125 0.111328125
3 0.5087890625 0.201171875 0.1328125 0.1142578125
3 0.16796875 0.9775390625 0.09375 0.044921875
3 0.4912109375 0.9140625 0.115234375 0.166015625
3 0.90625 0.015625 0.125 0.029296875
3 0.5419921875 0.275390625 0.1376953125 0.1123046875
3 0.087890625 0.98046875 0.0888671875 0.0390625
3 0.0546875 0.876953125 0.0908203125 0.1513671875
3 0.84375 0.728515625 0.1123046875 0.1171875
3 0.853515625 0.76171875 0.154296875 0.185546875
3 0.962890625 0.2919921875 0.072265625 0.103515625
3 0.02734375 0.6748046875 0.0546875 0.1015625
3 0.2060546875 0.576171875 0.1767578125 0.2265625
3 0.3310546875 0.9453125 0.0966796875 0.1064453125
3 0.96875 0.373046875 0.0625 0.126953125
3 0.765625 0.4814453125 0.1357421875 0.1220703125
3 0.0341796875 0.1630859375 0.068359375 0.1123046875
3 0.65625 0.7275390625 0.162109375 0.1875
1 0.3330078125 0.9453125 0.1015625 0.107421875
3 0.408203125 0.0107421875 0.095703125 0.021484375
3 0.0185546875 0.5888671875 0.037109375 0.109375
3 0.525390625 0.193359375 0.0810546875 0.078125
3 0.712890625 0.650390625 0.0361328125 0.052734375
3 0.568359375 0.16015625 0.0439453125 0.0390625
3 0.005859375 0.8740234375 0.01171875 0.130859375
3 0.0087890625 0.5146484375 0.017578125 0.1015625
1 0.767578125 0.48046875 0.1376953125 0.1220703125
3 0.2529296875 0.97265625 0.103515625 0.0546875
3 0.984375 0.458984375 0.03125 0.1435546875
3 0.8623046875 0.80078125 0.115234375 0.1044921875
3 0.0771484375 0.1669921875 0.1513671875 0.193359375
3 0.232421875 0.03125 0.076171875 0.0625
3 0.669921875 0.541015625 0.0546875 0.0439453125