3 0.4912109375 0.833984375 0.146484375 0.140625
3 0.5556640625 0.6865234375 0.1484375 0.1376953125
3 0.572265625 0.2001953125 0.1953125 0.166015625
3 0.19140625 0.7587890625 0.1591796875 0.140625
3 0.2939453125 0.4912109375 0.1279296875 0.1328125
3 0.2724609375 0.1796875 0.1357421875 0.140625
3 0.337890625 0.5791015625 0.1220703125 0.1171875
3 0.443359375 0.740234375 0.142578125 0.1376953125
3 0.0888671875 0.5703125 0.140625 0.1328125
3 0.4150390625 0.431640625 0.1328125 0.1328125
3 0.146484375 0.2216796875 0.1376953125 0.134765625
3 0.0869140625 0.8310546875 0.142578125 0.140625
3 0.517578125 0.5966796875 0.115234375 0.1220703125
3 0.068359375 0.05859375 0.1357421875 0.115234375
3 0.3212890625 0.259765625 0.1279296875 0.1220703125
3 0.1611328125 0.666015625 0.1220703125 0.119140625
3 0.76953125 0.9169921875 0.1298828125 0.1328125
3 0.458984375 0.517578125 0.1298828125 0.126953125
3 0.37109375 0.345703125 0.126953125 0.1376953125
3 0.236328125 0.40234375 0.125 0.1171875
3 0.1337890625 0.92578125 0.1357421875 0.1357421875
3 0.6064453125 0.767578125 0.1328125 0.1279296875
3 0.5263671875 0.099609375 0.205078125 0.181640625
3 0.396484375 0.66015625 0.1455078125 0.126953125
3 0.296875 0.9326171875 0.146484375 0.134765625
3 0.23828125 0.8427734375 0.140625 0.130859375
3 0.669921875 0.876953125 0.158203125 0.1611328125
3 0.8759765625 0.935546875 0.115234375 0.126953125
3 0.0458984375 0.455078125 0.0908203125 0.09375
3 0.953125 0.9658203125 0.09375 0.068359375
3 0.8623046875 0.6806640625 0.15625 0.1533203125
3 0.1787109375 0.9736328125 0.138671875 0.052734375
3 0.0966796875 0.15625 0.1123046875 0.1015625
3 0.1953125 0.306640625 0.1435546875 0.1357421875
3 0.4345703125 0.052734375 0.1298828125 0.1044921875
3 0.5673828125 0.9736328125 0.107421875 0.052734375
3 0.240234375 0.08984375 0.103515625 0.1123046875
3 0.173828125 0.0400390625 0.154296875 0.078125
3 0.685546875 0.470703125 0.125 0.119140625
3 0.857421875 0.453125 0.078125 0.0732421875
3 0.5869140625 0.3037109375 0.1171875 0.1220703125
3 0.33984375 0.978515625 0.1357421875 0.0419921875
3 0.767578125 0.5810546875 0.197265625 0.2216796875
3 0.05078125 0.7548828125 0.1015625 0.1015625
3 0.9775390625 0.7578125 0.044921875 0.16015625
3 0.0244140625 0.3818359375 0.048828125 0.126953125
3 0.9306640625 0.7294921875 0.1279296875 0.1484375
3 0.802734375 0.4052734375 0.0888671875 0.0986328125
1 0.5849609375 0.0556640625 0.0859375 0.083984375
3 0.6484375 0.357421875 0.1669921875 0.181640625
3 0.021484375 0.6689453125 0.0419921875 0.1171875
3 0.0498046875 0.0126953125 0.091796875 0.025390625
3 0.173828125 0.267578125 0.2001953125 0.2236328125
3 0.5400390625 0.9375 0.1015625 0.0888671875
1 0.6845703125 0.4716796875 0.1220703125 0.1201171875
3 0.744140625 0.546875 0.146484375 0.146484375
3 0.4052734375 0.0078125 0.126953125 0.015625
3 0.361328125 0.75390625 0.046875 0.046875
3 0.0927734375 0.6845703125 0.0810546875 0.109375
3 0.982421875 0.255859375 0.033203125 0.1376953125
1 0.025390625 0.654296875 0.05078125 0.13671875
3 0.1572265625 0.009765625 0.130859375 0.01953125
3 0.673828125 0.2451171875 0.0517578125 0.0576171875
3 0.0302734375 0.720703125 0.060546875 0.0673828125
3 0.4111328125 0.025390625 0.115234375 0.05078125
3 0.787109375 0.62890625 0.1513671875 0.126953125