3 0.6982421875 0.0849609375 0.1435546875 0.142578125
3 0.6923828125 0.455078125 0.1201171875 0.1298828125
3 0.873046875 0.2216796875 0.1376953125 0.138671875
3 0.875 0.5751953125 0.162109375 0.1484375
3 0.9306640625 0.5029296875 0.138671875 0.126953125
3 0.5869140625 0.232421875 0.109375 0.1044921875
3 0.626953125 0.15234375 0.1513671875 0.138671875
3 0.8203125 0.3056640625 0.142578125 0.1435546875
3 0.626953125 0.529296875 0.142578125 0.146484375
3 0.517578125 0.310546875 0.150390625 0.150390625
3 0.75 0.388671875 0.126953125 0.125
3 0.4404296875 0.0380859375 0.130859375 0.076171875
3 0.3251953125 0.1572265625 0.142578125 0.138671875
2 0.94140625 0.892578125 0.1171875 0.154296875
3 0.75 0.0341796875 0.115234375 0.068359375
3 0.4580078125 0.392578125 0.1201171875 0.1142578125
2 0.0849609375 0.513671875 0.169921875 0.1923828125
3 0.9677734375 0.060546875 0.064453125 0.107421875
2 0.587890625 0.6142578125 0.181640625 0.15625
3 0.2744140625 0.2431640625 0.154296875 0.150390625
2 0.10546875 0.1181640625 0.2109375 0.236328125
2 0.6181640625 0.919921875 0.1591796875 0.1591796875
3 0.380859375 0.0888671875 0.1328125 0.1328125
3 0.9189453125 0.1484375 0.1044921875 0.109375
3 0.0419921875 0.9404296875 0.083984375 0.1171875
3 0.798828125 0.6474609375 0.1689453125 0.1484375
2 0.17578125 0.7333984375 0.095703125 0.0986328125
2 0.185546875 0.2939453125 0.115234375 0.123046875
3 0.970703125 0.435546875 0.0546875 0.1064453125
3 0.3505859375 0.275390625 0.068359375 0.0732421875
3 0.048828125 0.626953125 0.09765625 0.13671875
3 0.431640625 0.1708984375 0.087890625 0.083984375
3 0.1064453125 0.8056640625 0.150390625 0.146484375
3 0.3662109375 0.9736328125 0.103515625 0.052734375
2 0.498046875 0.9677734375 0.0966796875 0.064453125
3 0.9716796875 0.302734375 0.056640625 0.119140625
2 0.212890625 0.322265625 0.177734375 0.1796875
3 0.353515625 0.87109375 0.1015625 0.103515625
3 0.974609375 0.126953125 0.0498046875 0.0732421875
3 0.216796875 0.3232421875 0.1904296875 0.1796875
3 0.541015625 0.0185546875 0.126953125 0.0361328125
0 0.771484375 0.689453125 0.2470703125 0.255859375
2 0.048828125 0.625 0.09765625 0.13671875
3 0.380859375 0.4736328125 0.130859375 0.1298828125
3 0.4423828125 0.744140625 0.1611328125 0.1640625
1 0.9384765625 0.3876953125 0.0986328125 0.1044921875
3 0.93359375 0.3759765625 0.083984375 0.0810546875
3 0.0615234375 0.880859375 0.123046875 0.125
3 0.41015625 0.314453125 0.0751953125 0.072265625
3 0.2158203125 0.9892578125 0.1064453125 0.021484375
2 0.380859375 0.4716796875 0.130859375 0.1328125
2 0.1103515625 0.8037109375 0.1435546875 0.1455078125
3 0.5263671875 0.2685546875 0.060546875 0.0595703125
1 0.443359375 0.744140625 0.1640625 0.1640625
2 0.80859375 0.982421875 0.142578125 0.0341796875
2 0.029296875 0.435546875 0.0576171875 0.162109375
2 0.33203125 0.904296875 0.2138671875 0.189453125
3 0.4970703125 0.9677734375 0.0966796875 0.0625