3 0.2373046875 0.4833984375 0.142578125 0.125
3 0.9384765625 0.7646484375 0.123046875 0.130859375
3 0.830078125 0.224609375 0.1298828125 0.1220703125
3 0.6484375 0.8056640625 0.142578125 0.140625
3 0.189453125 0.5693359375 0.1484375 0.125
3 0.904296875 0.388671875 0.1279296875 0.125
3 0.876953125 0.138671875 0.125 0.119140625
3 0.43359375 0.904296875 0.15625 0.1513671875
3 0.9384765625 0.2998046875 0.123046875 0.123046875
3 0.927734375 0.056640625 0.1064453125 0.1044921875
3 0.775390625 0.30859375 0.1357421875 0.130859375
3 0.9111328125 0.8544921875 0.126953125 0.1279296875
3 0.4736328125 0.1181640625 0.130859375 0.1435546875
3 0.037109375 0.3818359375 0.07421875 0.123046875
3 0.361328125 0.556640625 0.1201171875 0.125
3 0.5751953125 0.6689453125 0.130859375 0.1328125
3 0.3310546875 0.3212890625 0.146484375 0.1357421875
3 0.794921875 0.5517578125 0.1357421875 0.150390625
3 0.099609375 0.9580078125 0.1669921875 0.0830078125
3 0.37890625 0.06640625 0.1123046875 0.1328125
3 0.5244140625 0.748046875 0.1376953125 0.126953125
3 0.10546875 0.205078125 0.138671875 0.1298828125
3 0.068359375 0.29296875 0.123046875 0.1171875
3 0.2685546875 0.7255859375 0.1171875 0.115234375
3 0.306640625 0.638671875 0.130859375 0.125
3 0.8642578125 0.9306640625 0.1435546875 0.1376953125
3 0.966796875 0.6787109375 0.064453125 0.130859375
3 0.96875 0.201171875 0.060546875 0.103515625
3 0.2802734375 0.4072265625 0.142578125 0.125
3 0.697265625 0.7265625 0.1376953125 0.1279296875
3 0.21875 0.8046875 0.109375 0.107421875
3 0.033203125 0.9189453125 0.06640625 0.150390625
3 0.482421875 0.8291015625 0.1279296875 0.1220703125
3 0.673828125 0.0439453125 0.1376953125 0.087890625
3 0.677734375 0.4951171875 0.138671875 0.140625
3 0.162109375 0.130859375 0.1064453125 0.1044921875
3 0.138671875 0.6494140625 0.1123046875 0.111328125
3 0.595703125 0.1357421875 0.203125 0.2080078125
3 0.619140625 0.1005859375 0.1357421875 0.1328125
3 0.37890625 0.96484375 0.1376953125 0.0703125
3 0.9853515625 0.9033203125 0.029296875 0.087890625
3 0.6171875 0.580078125 0.1376953125 0.1298828125
3 0.4365234375 0.41015625 0.2138671875 0.25
3 0.6142578125 0.900390625 0.0966796875 0.1064453125
3 0.958984375 0.9658203125 0.0810546875 0.068359375
3 0.759765625 0.6455078125 0.0966796875 0.1015625
3 0.5537109375 0.9560546875 0.1357421875 0.087890625
3 0.8212890625 0.9775390625 0.126953125 0.044921875
1 0.6171875 0.580078125 0.1357421875 0.1298828125
3 0.033203125 0.134765625 0.0654296875 0.138671875
3 0.4541015625 0.369140625 0.154296875 0.1640625
3 0.017578125 0.4677734375 0.0341796875 0.138671875
3 0.1123046875 0.6865234375 0.173828125 0.2001953125
3 0.09375 0.720703125 0.119140625 0.119140625
3 0.9931640625 0.1259765625 0.013671875 0.1279296875
1 0.482421875 0.8291015625 0.1279296875 0.123046875
3 0.404296875 0.470703125 0.134765625 0.1279296875