3 0.8564453125 0.138671875 0.1171875 0.1015625
3 0.5615234375 0.1357421875 0.125 0.1015625
3 0.8349609375 0.052734375 0.125 0.1044921875
2 0.876953125 0.681640625 0.177734375 0.1904296875
2 0.1162109375 0.2255859375 0.232421875 0.2265625
3 0.6689453125 0.3671875 0.1376953125 0.138671875
3 0.7119140625 0.462890625 0.142578125 0.1376953125
3 0.873046875 0.2333984375 0.123046875 0.1171875
2 0.7119140625 0.462890625 0.142578125 0.1376953125
2 0.7265625 0.7685546875 0.091796875 0.0986328125
3 0.6318359375 0.287109375 0.111328125 0.087890625
3 0.9267578125 0.294921875 0.1298828125 0.0966796875
2 0.8916015625 0.630859375 0.091796875 0.080078125
2 0.75 0.546875 0.224609375 0.1904296875
3 0.615234375 0.2470703125 0.166015625 0.2080078125
2 0.927734375 0.2958984375 0.1328125 0.0986328125
2 0.958984375 0.9716796875 0.078125 0.0546875
3 0.5712890625 0.0615234375 0.09375 0.064453125
3 0.7880859375 0.5205078125 0.1279296875 0.1298828125
2 0.984375 0.392578125 0.03125 0.1357421875
2 0.7900390625 0.517578125 0.126953125 0.1279296875
0 0.23828125 0.5986328125 0.4765625 0.533203125
3 0.984375 0.388671875 0.03125 0.1357421875
0 0.416015625 0.5634765625 0.119140625 0.1298828125
3 0.9658203125 0.193359375 0.064453125 0.072265625
3 0.8896484375 0.6298828125 0.0888671875 0.080078125
1 0.572265625 0.046875 0.111328125 0.09375