3 0.2724609375 0.90234375 0.1357421875 0.1357421875
3 0.3037109375 0.5234375 0.138671875 0.138671875
3 0.517578125 0.1416015625 0.142578125 0.1376953125
3 0.3896484375 0.0595703125 0.1328125 0.119140625
3 0.6044921875 0.072265625 0.158203125 0.1435546875
3 0.3828125 0.431640625 0.1591796875 0.1533203125
3 0.9501953125 0.2041015625 0.099609375 0.1279296875
3 0.712890625 0.302734375 0.166015625 0.154296875
3 0.6123046875 0.494140625 0.1328125 0.140625
3 0.525390625 0.8515625 0.1328125 0.123046875
3 0.7900390625 0.22265625 0.1513671875 0.1533203125
3 0.3271484375 0.9541015625 0.1435546875 0.0908203125
3 0.3525390625 0.6142578125 0.142578125 0.1328125
3 0.7421875 0.515625 0.142578125 0.1298828125
3 0.9150390625 0.060546875 0.134765625 0.1201171875
3 0.0556640625 0.4921875 0.109375 0.1435546875
3 0.666015625 0.39453125 0.09375 0.1044921875
3 0.916015625 0.2861328125 0.1220703125 0.1201171875
3 0.16796875 0.7197265625 0.1298828125 0.1279296875
3 0.5244140625 0.3671875 0.162109375 0.1484375
3 0.857421875 0.3564453125 0.134765625 0.1328125
3 0.5 0.5185546875 0.1201171875 0.1376953125
3 0.587890625 0.7568359375 0.119140625 0.1142578125
3 0.45703125 0.7880859375 0.123046875 0.1220703125
3 0.107421875 0.8818359375 0.126953125 0.123046875
3 0.1572265625 0.94921875 0.1376953125 0.1015625
3 0.060546875 0.771484375 0.1201171875 0.1875
3 0.283203125 0.099609375 0.109375 0.125
3 0.298828125 0.228515625 0.126953125 0.1044921875
3 0.4140625 0.197265625 0.1298828125 0.115234375
3 0.8046875 0.435546875 0.134765625 0.125
3 0.181640625 0.23046875 0.115234375 0.1298828125
3 0.1787109375 0.1103515625 0.099609375 0.126953125
3 0.6728515625 0.029296875 0.150390625 0.05859375
3 0.5 0.033203125 0.15234375 0.06640625
3 0.2587890625 0.451171875 0.111328125 0.0986328125
3 0.09375 0.5986328125 0.138671875 0.1220703125
3 0.9833984375 0.1298828125 0.033203125 0.115234375
3 0.8623046875 0.1318359375 0.1298828125 0.115234375
3 0.39453125 0.69921875 0.1669921875 0.154296875
3 0.6787109375 0.9775390625 0.111328125 0.044921875
3 0.701171875 0.607421875 0.111328125 0.115234375
3 0.724609375 0.94140625 0.109375 0.1064453125
3 0.8369140625 0.9755859375 0.1201171875 0.048828125
0 0.8623046875 0.720703125 0.275390625 0.5517578125
3 0.2080078125 0.8115234375 0.154296875 0.1455078125
3 0.017578125 0.1767578125 0.03515625 0.087890625
3 0.0166015625 0.0830078125 0.033203125 0.1142578125
3 0.7958984375 0.865234375 0.140625 0.138671875
3 0.2314453125 0.83203125 0.1044921875 0.099609375
1 0.0185546875 0.279296875 0.037109375 0.1279296875
3 0.0263671875 0.6572265625 0.052734375 0.1328125
3 0.9501953125 0.009765625 0.099609375 0.01953125
3 0.9658203125 0.5361328125 0.068359375 0.154296875
1 0.60546875 0.654296875 0.0859375 0.0986328125
1 0.3935546875 0.701171875 0.169921875 0.1533203125
3 0.1982421875 0.7880859375 0.115234375 0.0966796875
3 0.369140625 0.70703125 0.1142578125 0.1064453125
3 0.51171875 0.716796875 0.111328125 0.111328125
3 0.6630859375 0.669921875 0.0908203125 0.080078125
1 0.060546875 0.7705078125 0.1201171875 0.185546875
3 0.888671875 0.94921875 0.1015625 0.1015625
2 0.916015625 0.89453125 0.1669921875 0.208984375