3 0.396484375 0.443359375 0.1279296875 0.1201171875
3 0.7841796875 0.9326171875 0.146484375 0.134765625
3 0.5908203125 0.28515625 0.1591796875 0.158203125
3 0.1845703125 0.0546875 0.1064453125 0.109375
3 0.267578125 0.3056640625 0.1845703125 0.158203125
3 0.9423828125 0.634765625 0.115234375 0.146484375
3 0.8896484375 0.5791015625 0.146484375 0.138671875
3 0.1513671875 0.513671875 0.1611328125 0.1767578125
3 0.8515625 0.87109375 0.119140625 0.119140625
3 0.5048828125 0.556640625 0.1533203125 0.142578125
3 0.9462890625 0.9619140625 0.107421875 0.076171875
3 0.5390625 0.2177734375 0.15625 0.15625
3 0.6455078125 0.3515625 0.1357421875 0.1357421875
3 0.7001953125 0.4091796875 0.142578125 0.1376953125
3 0.455078125 0.49609375 0.1220703125 0.1201171875
3 0.826171875 0.521484375 0.158203125 0.1533203125
3 0.107421875 0.091796875 0.111328125 0.111328125
3 0.064453125 0.822265625 0.1279296875 0.1484375
3 0.046875 0.1240234375 0.09375 0.150390625
3 0.685546875 0.740234375 0.1484375 0.150390625
3 0.32421875 0.0595703125 0.1279296875 0.119140625
3 0.0654296875 0.380859375 0.130859375 0.171875
3 0.044921875 0.572265625 0.0888671875 0.1484375
3 0.044921875 0.94921875 0.08984375 0.09765625
3 0.1669921875 0.9326171875 0.1357421875 0.134765625
3 0.6357421875 0.6708984375 0.1220703125 0.1201171875
3 0.1650390625 0.3447265625 0.1328125 0.158203125
3 0.572265625 0.615234375 0.1298828125 0.1279296875
3 0.4091796875 0.0986328125 0.1142578125 0.1279296875
3 0.6787109375 0.2021484375 0.125 0.1220703125
3 0.7138671875 0.9716796875 0.1455078125 0.056640625
2 0.6865234375 0.740234375 0.1484375 0.1455078125
3 0.279296875 0.587890625 0.1533203125 0.1640625
3 0.806640625 0.419921875 0.2138671875 0.2109375
3 0.9677734375 0.693359375 0.064453125 0.138671875
3 0.3486328125 0.380859375 0.109375 0.107421875
3 0.298828125 0.732421875 0.189453125 0.193359375
3 0.287109375 0.974609375 0.123046875 0.0498046875
3 0.453125 0.78125 0.2216796875 0.197265625
3 0.263671875 0.447265625 0.083984375 0.0859375
2 0.5341796875 0.853515625 0.171875 0.1669921875
3 0.458984375 0.18359375 0.103515625 0.099609375
3 0.0185546875 0.0302734375 0.0361328125 0.060546875
3 0.7763671875 0.458984375 0.1484375 0.142578125
3 0.3955078125 0.763671875 0.111328125 0.1142578125
3 0.53515625 0.853515625 0.171875 0.166015625
2 0.478515625 0.814453125 0.296875 0.2734375
1 0.1123046875 0.869140625 0.095703125 0.083984375
3 0.310546875 0.408203125 0.1875 0.1748046875
3 0.2001953125 0.6455078125 0.083984375 0.0859375
3 0.375 0.9833984375 0.107421875 0.033203125
3 0.765625 0.349609375 0.087890625 0.0859375
3 0.9912109375 0.763671875 0.015625 0.1796875