2 0.0849609375 0.310546875 0.169921875 0.2294921875
2 0.1337890625 0.1201171875 0.208984375 0.171875
2 0.197265625 0.810546875 0.2685546875 0.251953125
3 0.708984375 0.892578125 0.1357421875 0.134765625
3 0.8056640625 0.9345703125 0.150390625 0.130859375
3 0.8017578125 0.494140625 0.158203125 0.1435546875
3 0.861328125 0.1728515625 0.109375 0.1064453125
3 0.939453125 0.0283203125 0.1064453125 0.056640625
3 0.6337890625 0.9501953125 0.115234375 0.099609375
1 0.615234375 0.166015625 0.1328125 0.142578125
3 0.759765625 0.833984375 0.125 0.125
3 0.861328125 0.9658203125 0.1845703125 0.0673828125
2 0.322265625 0.5732421875 0.109375 0.0986328125
3 0.8291015625 0.57421875 0.1376953125 0.1298828125
3 0.728515625 0.431640625 0.125 0.119140625
3 0.9697265625 0.849609375 0.060546875 0.126953125
3 0.7197265625 0.0458984375 0.140625 0.091796875
3 0.9150390625 0.7060546875 0.1455078125 0.1298828125
3 0.8603515625 0.599609375 0.1982421875 0.1923828125
2 0.3408203125 0.576171875 0.501953125 0.3798828125
3 0.9091796875 0.2958984375 0.181640625 0.1982421875
3 0.5107421875 0.78515625 0.1201171875 0.1064453125
0 0.466796875 0.0615234375 0.1796875 0.1220703125
3 0.615234375 0.5791015625 0.1279296875 0.1376953125
3 0.57421875 0.728515625 0.1220703125 0.1220703125
3 0.943359375 0.767578125 0.109375 0.142578125
2 0.0146484375 0.185546875 0.029296875 0.1669921875
3 0.58984375 0.9794921875 0.150390625 0.041015625
1 0.509765625 0.78515625 0.119140625 0.107421875
2 0.6142578125 0.580078125 0.1298828125 0.140625
2 0.494140625 0.58203125 0.2001953125 0.2939453125
2 0.4658203125 0.060546875 0.177734375 0.12109375
2 0.3642578125 0.96875 0.123046875 0.0625
3 0.9599609375 0.3916015625 0.078125 0.1044921875
3 0.478515625 0.861328125 0.1142578125 0.1123046875
3 0.9873046875 0.455078125 0.025390625 0.1376953125
3 0.9013671875 0.25390625 0.1171875 0.1123046875
3 0.6123046875 0.7041015625 0.2060546875 0.1826171875
2 0.013671875 0.880859375 0.0263671875 0.208984375
3 0.361328125 0.9697265625 0.130859375 0.0595703125
3 0.65234375 0.6689453125 0.111328125 0.1064453125
3 0.98828125 0.900390625 0.0234375 0.1591796875
1 0.6533203125 0.669921875 0.1123046875 0.1064453125
3 0.408203125 0.9150390625 0.140625 0.1298828125
3 0.7841796875 0.009765625 0.099609375 0.01953125
3 0.984375 0.0478515625 0.03125 0.095703125
2 0.240234375 0.607421875 0.2998046875 0.3095703125
2 0.0244140625 0.052734375 0.048828125 0.10546875