3 0.3857421875 0.638671875 0.1845703125 0.1591796875
3 0.6298828125 0.083984375 0.197265625 0.16796875
3 0.591796875 0.4296875 0.1953125 0.1923828125
3 0.4423828125 0.064453125 0.185546875 0.12890625
3 0.4619140625 0.185546875 0.1591796875 0.146484375
3 0.326171875 0.5166015625 0.1875 0.171875
3 0.744140625 0.345703125 0.169921875 0.1611328125
3 0.9423828125 0.224609375 0.115234375 0.1748046875
3 0.525390625 0.3115234375 0.197265625 0.1845703125
3 0.7216796875 0.6953125 0.1875 0.1669921875
3 0.26171875 0.404296875 0.193359375 0.1767578125
3 0.6787109375 0.2314453125 0.1796875 0.166015625
3 0.3212890625 0.9228515625 0.205078125 0.154296875
3 0.2119140625 0.283203125 0.216796875 0.185546875
3 0.2099609375 0.69921875 0.201171875 0.1796875
3 0.509765625 0.85546875 0.197265625 0.181640625
3 0.869140625 0.576171875 0.193359375 0.1826171875
3 0.9130859375 0.064453125 0.173828125 0.126953125
3 0.154296875 0.173828125 0.2314453125 0.1904296875
3 0.814453125 0.462890625 0.1845703125 0.1953125
3 0.1220703125 0.060546875 0.146484375 0.12109375
3 0.263671875 0.814453125 0.2158203125 0.197265625
3 0.3818359375 0.759765625 0.083984375 0.099609375
3 0.654296875 0.5654296875 0.1982421875 0.2001953125
3 0.9267578125 0.677734375 0.146484375 0.154296875
3 0.7900390625 0.80859375 0.1923828125 0.185546875
3 0.107421875 0.3564453125 0.0673828125 0.0654296875
3 0.021484375 0.2392578125 0.04296875 0.142578125
3 0.693359375 0.6767578125 0.126953125 0.119140625
3 0.099609375 0.455078125 0.19921875 0.1640625
3 0.5634765625 0.939453125 0.181640625 0.119140625
3 0.978515625 0.322265625 0.0419921875 0.150390625
3 0.0380859375 0.91796875 0.076171875 0.1015625
3 0.3974609375 0.9814453125 0.0859375 0.037109375
3 0.9501953125 0.1240234375 0.099609375 0.1123046875
3 0.1787109375 0.671875 0.103515625 0.09375
3 0.5634765625 0.9775390625 0.126953125 0.044921875
3 0.142578125 0.5654296875 0.220703125 0.1640625
3 0.0244140625 0.853515625 0.048828125 0.103515625
1 0.919921875 0.943359375 0.09375 0.091796875
3 0.0869140625 0.9892578125 0.134765625 0.021484375
3 0.048828125 0.9599609375 0.0966796875 0.076171875
3 0.837890625 0.4052734375 0.064453125 0.0673828125
3 0.056640625 0.982421875 0.109375 0.0341796875
3 0.0703125 0.349609375 0.140625 0.173828125
3 0.9228515625 0.767578125 0.0810546875 0.0673828125
3 0.9853515625 0.953125 0.029296875 0.08984375
3 0.9111328125 0.0068359375 0.1298828125 0.0126953125
3 0.162109375 0.6083984375 0.177734375 0.1279296875
3 0.205078125 0.134765625 0.0908203125 0.1015625
3 0.62890625 0.5302734375 0.138671875 0.09375
3 0.787109375 0.4443359375 0.091796875 0.0859375
3 0.01953125 0.787109375 0.0390625 0.0625
3 0.9267578125 0.740234375 0.146484375 0.1328125
3 0.97265625 0.94921875 0.0546875 0.1015625