3 0.609375 0.1162109375 0.130859375 0.142578125
3 0.341796875 0.201171875 0.158203125 0.1357421875
3 0.5673828125 0.361328125 0.1435546875 0.1484375
3 0.53515625 0.0771484375 0.109375 0.109375
3 0.5126953125 0.544921875 0.125 0.1279296875
3 0.9384765625 0.83203125 0.123046875 0.1484375
3 0.9521484375 0.62109375 0.095703125 0.1513671875
3 0.830078125 0.5205078125 0.1171875 0.1171875
3 0.8701171875 0.06640625 0.138671875 0.1328125
3 0.810546875 0.7265625 0.1533203125 0.1748046875
3 0.7978515625 0.03515625 0.123046875 0.0703125
3 0.81640625 0.275390625 0.107421875 0.109375
3 0.298828125 0.09375 0.130859375 0.1279296875
3 0.654296875 0.6533203125 0.1201171875 0.1298828125
3 0.509765625 0.2939453125 0.1064453125 0.109375
3 0.44140625 0.2509765625 0.123046875 0.130859375
3 0.580078125 0.611328125 0.109375 0.109375
3 0.8642578125 0.80859375 0.1142578125 0.123046875
3 0.8984375 0.5703125 0.109375 0.115234375
3 0.443359375 0.4931640625 0.1142578125 0.1142578125
3 0.091796875 0.560546875 0.1357421875 0.1513671875
3 0.3798828125 0.4462890625 0.130859375 0.1357421875
2 0.166015625 0.619140625 0.134765625 0.140625
3 0.326171875 0.744140625 0.130859375 0.142578125
2 0.326171875 0.74609375 0.130859375 0.142578125
3 0.677734375 0.1806640625 0.109375 0.1142578125
3 0.478515625 0.837890625 0.1357421875 0.140625
3 0.7158203125 0.7080078125 0.1015625 0.1064453125
3 0.3876953125 0.8115234375 0.126953125 0.1298828125
2 0.04296875 0.830078125 0.083984375 0.2236328125
3 0.982421875 0.4169921875 0.0341796875 0.1201171875
3 0.68359375 0.021484375 0.076171875 0.0419921875
2 0.544921875 0.9345703125 0.126953125 0.1298828125
3 0.951171875 0.3671875 0.095703125 0.1357421875
3 0.3056640625 0.384765625 0.109375 0.1298828125
3 0.9765625 0.162109375 0.046875 0.123046875
3 0.2177734375 0.921875 0.1591796875 0.15625
2 0.2177734375 0.921875 0.158203125 0.15625
3 0.765625 0.201171875 0.1376953125 0.173828125
3 0.1640625 0.6201171875 0.1328125 0.140625
3 0.6572265625 0.3876953125 0.1123046875 0.1142578125
1 0.896484375 0.310546875 0.154296875 0.1669921875
3 0.318359375 0.9775390625 0.1376953125 0.044921875
3 0.0390625 0.162109375 0.078125 0.1123046875
3 0.763671875 0.474609375 0.1220703125 0.1220703125
1 0.6552734375 0.388671875 0.1123046875 0.1142578125
3 0.0380859375 0.50390625 0.076171875 0.173828125
3 0.345703125 0.0302734375 0.1123046875 0.060546875
3 0.75390625 0.23046875 0.1064453125 0.109375
3 0.359375 0.017578125 0.0810546875 0.0341796875
3 0.947265625 0.1044921875 0.083984375 0.083984375
1 0.3779296875 0.4443359375 0.1328125 0.140625
3 0.1875 0.2646484375 0.1484375 0.138671875
3 0.9853515625 0.689453125 0.0283203125 0.1123046875
3 0.7197265625 0.4619140625 0.212890625 0.1923828125
3 0.705078125 0.025390625 0.1298828125 0.0498046875
3 0.1328125 0.970703125 0.126953125 0.0576171875
3 0.1474609375 0.248046875 0.232421875 0.216796875
3 0.7080078125 0.435546875 0.115234375 0.126953125
2 0.6826171875 0.97265625 0.1064453125 0.0546875
3 0.9580078125 0.1826171875 0.083984375 0.166015625
3 0.10546875 0.21484375 0.140625 0.1484375
3 0.544921875 0.9345703125 0.125 0.1298828125
3 0.759765625 0.080078125 0.0595703125 0.0576171875
3 0.71875 0.0078125 0.154296875 0.015625
1 0.232421875 0.337890625 0.130859375 0.1376953125
3 0.232421875 0.337890625 0.1298828125 0.138671875
1 0.013671875 0.119140625 0.025390625 0.0966796875