3 0.900390625 0.73046875 0.162109375 0.142578125
3 0.376953125 0.912109375 0.1533203125 0.1455078125
3 0.310546875 0.95703125 0.166015625 0.083984375
3 0.822265625 0.912109375 0.1357421875 0.1279296875
3 0.6083984375 0.375 0.1640625 0.1357421875
3 0.412109375 0.8154296875 0.1796875 0.1533203125
3 0.4501953125 0.34375 0.1328125 0.125
3 0.583984375 0.4677734375 0.1455078125 0.140625
3 0.501953125 0.259765625 0.125 0.126953125
3 0.8623046875 0.826171875 0.1435546875 0.1328125
3 0.837890625 0.0439453125 0.134765625 0.087890625
3 0.408203125 0.431640625 0.1455078125 0.140625
3 0.783203125 0.9677734375 0.1376953125 0.064453125
3 0.9326171875 0.6318359375 0.134765625 0.1357421875
3 0.54296875 0.5576171875 0.150390625 0.1376953125
3 0.9287109375 0.2392578125 0.142578125 0.2373046875
3 0.171875 0.8681640625 0.1279296875 0.1376953125
1 0.0322265625 0.404296875 0.064453125 0.111328125
3 0.634765625 0.9345703125 0.1279296875 0.130859375
3 0.75390625 0.0166015625 0.138671875 0.03125
3 0.984375 0.1201171875 0.03125 0.138671875
3 0.8291015625 0.470703125 0.103515625 0.1142578125
3 0.408203125 0.041015625 0.1611328125 0.0810546875
3 0.9658203125 0.447265625 0.068359375 0.11328125
3 0.6875 0.2021484375 0.1591796875 0.150390625
3 0.669921875 0.2412109375 0.2158203125 0.2392578125
3 0.5830078125 0.9775390625 0.115234375 0.044921875
3 0.474609375 0.6826171875 0.21875 0.2373046875
3 0.2685546875 0.044921875 0.130859375 0.08984375
2 0.0517578125 0.9736328125 0.103515625 0.052734375
3 0.71875 0.7568359375 0.236328125 0.3203125
3 0.369140625 0.525390625 0.140625 0.134765625
3 0.654296875 0.2900390625 0.173828125 0.140625
3 0.9462890625 0.4951171875 0.107421875 0.220703125
3 0.330078125 0.0810546875 0.146484375 0.15625
3 0.5361328125 0.017578125 0.146484375 0.03515625
3 0.0537109375 0.9736328125 0.107421875 0.052734375
3 0.75390625 0.669921875 0.1455078125 0.1376953125
3 0.9208984375 0.291015625 0.119140625 0.125
1 0.8662109375 0.3720703125 0.0908203125 0.0908203125
3 0.806640625 0.572265625 0.158203125 0.154296875
3 0.9892578125 0.345703125 0.021484375 0.1484375
3 0.12109375 0.9345703125 0.15625 0.130859375
2 0.298828125 0.693359375 0.2421875 0.306640625
3 0.314453125 0.65625 0.1953125 0.2236328125
3 0.8662109375 0.37109375 0.0908203125 0.0888671875
3 0.5625 0.51171875 0.205078125 0.240234375
3 0.5732421875 0.0244140625 0.2236328125 0.048828125
3 0.9462890625 0.2001953125 0.1064453125 0.1513671875
1 0.408203125 0.0400390625 0.15625 0.078125
2 0.3681640625 0.525390625 0.142578125 0.1357421875
3 0.34765625 0.1611328125 0.0654296875 0.064453125
0 0.296875 0.6943359375 0.2451171875 0.3017578125
3 0.326171875 0.609375 0.142578125 0.126953125