1 0.9111328125 0.7294921875 0.1123046875 0.1171875
3 0.640625 0.0537109375 0.1298828125 0.107421875
3 0.5859375 0.130859375 0.1591796875 0.1513671875
3 0.26953125 0.4296875 0.1171875 0.1298828125
3 0.0625 0.365234375 0.123046875 0.111328125
3 0.09765625 0.287109375 0.1357421875 0.1220703125
3 0.3505859375 0.6796875 0.1279296875 0.126953125
3 0.8173828125 0.8203125 0.138671875 0.1142578125
3 0.51953125 0.310546875 0.134765625 0.1484375
3 0.78515625 0.916015625 0.095703125 0.0966796875
3 0.36328125 0.2587890625 0.1435546875 0.138671875
3 0.21484375 0.04296875 0.138671875 0.0859375
1 0.8671875 0.0546875 0.169921875 0.109375
3 0.46875 0.419921875 0.123046875 0.125
1 0.8759765625 0.587890625 0.0908203125 0.107421875
3 0.556640625 0.21875 0.1171875 0.109375
3 0.4169921875 0.5048828125 0.1435546875 0.1298828125
3 0.3818359375 0.58984375 0.1328125 0.130859375
3 0.1435546875 0.69140625 0.130859375 0.1328125
1 0.9130859375 0.505859375 0.0751953125 0.0859375
1 0.59375 0.765625 0.123046875 0.111328125
3 0.0390625 0.4619140625 0.078125 0.134765625
3 0.3291015625 0.3515625 0.1455078125 0.142578125
3 0.30078125 0.76171875 0.1513671875 0.140625
3 0.7021484375 0.943359375 0.0810546875 0.0966796875
3 0.23046875 0.521484375 0.1220703125 0.125
3 0.0419921875 0.0439453125 0.083984375 0.087890625
3 0.525390625 0.716796875 0.0625 0.060546875
3 0.7587890625 0.26171875 0.125 0.1064453125
3 0.1552734375 0.142578125 0.203125 0.244140625
3 0.48046875 0.869140625 0.125 0.1279296875
3 0.02734375 0.1259765625 0.0546875 0.1533203125
3 0.8349609375 0.955078125 0.09375 0.0888671875
1 0.8681640625 0.4716796875 0.0654296875 0.076171875
3 0.2275390625 0.8876953125 0.212890625 0.224609375
3 0.9501953125 0.9560546875 0.099609375 0.087890625
1 0.6455078125 0.8876953125 0.0888671875 0.095703125
3 0.9814453125 0.7841796875 0.037109375 0.080078125
3 0.8359375 0.04296875 0.1015625 0.083984375
3 0.02734375 0.935546875 0.0546875 0.125
3 0.197265625 0.609375 0.134765625 0.1328125
3 0.65625 0.501953125 0.09375 0.0859375
3 0.4423828125 0.103515625 0.212890625 0.20703125
1 0.583984375 0.64453125 0.126953125 0.0732421875
1 0.94921875 0.9560546875 0.1015625 0.0859375
3 0.8681640625 0.4716796875 0.0673828125 0.078125
3 0.73828125 0.9814453125 0.060546875 0.037109375
3 0.96875 0.095703125 0.0595703125 0.099609375
1 0.9580078125 0.537109375 0.083984375 0.1064453125
3 0.935546875 0.3642578125 0.115234375 0.1513671875
3 0.94140625 0.2548828125 0.0830078125 0.080078125
3 0.9580078125 0.537109375 0.083984375 0.1064453125
3 0.0966796875 0.7783203125 0.1015625 0.1201171875
3 0.4365234375 0.462890625 0.205078125 0.2158203125
3 0.017578125 0.544921875 0.0341796875 0.1298828125
3 0.7158203125 0.916015625 0.1064453125 0.162109375
3 0.560546875 0.9189453125 0.0751953125 0.0751953125
3 0.982421875 0.56640625 0.0341796875 0.107421875
1 0.771484375 0.7236328125 0.0732421875 0.072265625
3 0.076171875 0.0146484375 0.1123046875 0.0283203125
1 0.8359375 0.1123046875 0.1015625 0.09375
3 0.4677734375 0.8994140625 0.2763671875 0.201171875
1 0.6572265625 0.50390625 0.0986328125 0.091796875
3 0.8681640625 0.0537109375 0.1689453125 0.107421875
3 0.740234375 0.333984375 0.1845703125 0.125
3 0.486328125 0.97265625 0.0966796875 0.0546875
0 0.458984375 0.8955078125 0.28125 0.2080078125
1 0.892578125 0.3115234375 0.0654296875 0.0625
3 0.2548828125 0.8515625 0.150390625 0.1376953125
1 0.8486328125 0.572265625 0.150390625 0.142578125
3 0.154296875 0.984375 0.1171875 0.03125
3 0.9892578125 0.9091796875 0.021484375 0.125
3 0.0791015625 0.828125 0.15625 0.2236328125
3 0.9658203125 0.642578125 0.0595703125 0.056640625
3 0.1650390625 0.0986328125 0.1689453125 0.1298828125
1 0.9638671875 0.3896484375 0.072265625 0.201171875
3 0.97265625 0.375 0.0546875 0.1123046875
3 0.9345703125 0.009765625 0.1171875 0.017578125
1 0.98046875 0.7822265625 0.0390625 0.0888671875