3 0.521484375 0.052734375 0.1328125 0.10546875
3 0.21484375 0.9091796875 0.1455078125 0.140625
3 0.1181640625 0.345703125 0.1357421875 0.142578125
3 0.9091796875 0.1708984375 0.138671875 0.134765625
3 0.2548828125 0.4755859375 0.126953125 0.126953125
3 0.515625 0.9453125 0.1376953125 0.107421875
3 0.0625 0.275390625 0.125 0.1357421875
3 0.7666015625 0.1484375 0.142578125 0.1455078125
3 0.69921875 0.9296875 0.146484375 0.140625
3 0.849609375 0.248046875 0.134765625 0.134765625
3 0.275390625 0.845703125 0.126953125 0.1220703125
3 0.193359375 0.634765625 0.1220703125 0.0888671875
3 0.46484375 0.1025390625 0.125 0.1220703125
3 0.0908203125 0.810546875 0.119140625 0.1171875
3 0.873046875 0.0439453125 0.1201171875 0.087890625
3 0.5771484375 0.896484375 0.1455078125 0.146484375
1 0.04296875 0.861328125 0.083984375 0.1142578125
3 0.1923828125 0.3984375 0.1064453125 0.1142578125
3 0.40625 0.720703125 0.134765625 0.130859375
3 0.34765625 0.556640625 0.201171875 0.197265625
3 0.701171875 0.205078125 0.1357421875 0.140625
3 0.81640625 0.080078125 0.115234375 0.109375
3 0.279296875 0.6611328125 0.052734375 0.052734375
3 0.564453125 0.3291015625 0.1142578125 0.1171875
3 0.982421875 0.052734375 0.0341796875 0.103515625
3 0.4130859375 0.1689453125 0.107421875 0.1123046875
3 0.1748046875 0.7314453125 0.099609375 0.0830078125
3 0.3466796875 0.783203125 0.115234375 0.109375
3 0.0693359375 0.509765625 0.138671875 0.154296875
3 0.7353515625 0.361328125 0.1435546875 0.1435546875
3 0.634765625 0.8212890625 0.1435546875 0.15625
3 0.376953125 0.0400390625 0.142578125 0.080078125
3 0.771484375 0.96484375 0.142578125 0.068359375
3 0.6298828125 0.2607421875 0.0966796875 0.09375
2 0.8408203125 0.6748046875 0.197265625 0.1923828125
3 0.0322265625 0.220703125 0.064453125 0.130859375
2 0.908203125 0.5546875 0.1376953125 0.1376953125
3 0.8017578125 0.3125 0.1123046875 0.1142578125
3 0.443359375 0.98046875 0.1201171875 0.037109375
3 0.03515625 0.4306640625 0.0703125 0.1298828125
3 0.54296875 0.408203125 0.1015625 0.1015625
2 0.275390625 0.0947265625 0.203125 0.189453125
3 0.908203125 0.552734375 0.138671875 0.140625
3 0.1298828125 0.564453125 0.1279296875 0.1123046875
3 0.9609375 0.111328125 0.078125 0.126953125
3 0.958984375 0.5966796875 0.0810546875 0.1064453125
3 0.5 0.361328125 0.0859375 0.0830078125
3 0.599609375 0.0126953125 0.1201171875 0.0234375
3 0.935546875 0.0107421875 0.1220703125 0.0205078125
3 0.27734375 0.0947265625 0.205078125 0.189453125
3 0.154296875 0.958984375 0.109375 0.0810546875
3 0.3447265625 0.220703125 0.142578125 0.138671875
3 0.6796875 0.423828125 0.1357421875 0.130859375
2 0.615234375 0.482421875 0.125 0.126953125
3 0.95703125 0.08203125 0.0654296875 0.0625
3 0.130859375 0.9482421875 0.044921875 0.044921875
3 0.98828125 0.650390625 0.0234375 0.111328125
2 0.9287109375 0.7890625 0.142578125 0.2060546875
3 0.841796875 0.673828125 0.201171875 0.189453125
3 0.4716796875 0.6591796875 0.1689453125 0.1455078125
2 0.9814453125 0.9248046875 0.037109375 0.068359375
1 0.05859375 0.8974609375 0.1171875 0.189453125
3 0.5419921875 0.3623046875 0.1796875 0.193359375
2 0.6318359375 0.8232421875 0.1455078125 0.1591796875
3 0.087890625 0.978515625 0.1171875 0.041015625
3 0.9619140625 0.2333984375 0.076171875 0.087890625
3 0.02734375 0.9267578125 0.0546875 0.1201171875
3 0.9296875 0.787109375 0.138671875 0.2060546875
3 0.462890625 0.9130859375 0.0830078125 0.087890625
1 0.0263671875 0.9287109375 0.052734375 0.1201171875
3 0.9638671875 0.8203125 0.072265625 0.130859375
1 0.431640625 0.6376953125 0.0830078125 0.087890625
3 0.669921875 0.2978515625 0.064453125 0.064453125
3 0.3837890625 0.5908203125 0.119140625 0.109375