1 0.533203125 0.927734375 0.173828125 0.1435546875
1 0.193359375 0.1708984375 0.0986328125 0.0986328125
0 0.533203125 0.9287109375 0.173828125 0.142578125
3 0.970703125 0.853515625 0.0576171875 0.1123046875
1 0.216796875 0.919921875 0.1044921875 0.0986328125
2 0.810546875 0.7314453125 0.123046875 0.1142578125
1 0.0205078125 0.9423828125 0.041015625 0.087890625
1 0.66015625 0.021484375 0.087890625 0.0419921875
1 0.01953125 0.673828125 0.0390625 0.0830078125
3 0.1328125 0.427734375 0.125 0.171875
1 0.099609375 0.9208984375 0.052734375 0.0517578125
3 0.810546875 0.732421875 0.125 0.1123046875
1 0.20703125 0.146484375 0.1328125 0.1533203125
3 0.98046875 0.7197265625 0.0390625 0.109375
3 0.8916015625 0.826171875 0.078125 0.1064453125
3 0.767578125 0.98046875 0.1201171875 0.0390625
1 0.021484375 0.638671875 0.04296875 0.15234375
3 0.099609375 0.921875 0.052734375 0.0517578125
3 0.2607421875 0.5146484375 0.099609375 0.107421875
1 0.19921875 0.9326171875 0.158203125 0.1328125
3 0.1650390625 0.95703125 0.0751953125 0.0859375
1 0.3232421875 0.8427734375 0.0751953125 0.083984375
1 0.130859375 0.42578125 0.125 0.1767578125
1 0.873046875 0.626953125 0.068359375 0.0673828125
3 0.201171875 0.9306640625 0.158203125 0.1376953125