2 0.216796875 0.6962890625 0.0986328125 0.09375
2 0.728515625 0.2333984375 0.134765625 0.138671875
2 0.8271484375 0.09375 0.134765625 0.140625
2 0.2578125 0.5166015625 0.1201171875 0.115234375
2 0.3466796875 0.5966796875 0.0986328125 0.0986328125
2 0.6552734375 0.298828125 0.0986328125 0.0966796875
3 0.48828125 0.244140625 0.123046875 0.125
3 0.17578125 0.154296875 0.091796875 0.087890625
3 0.62890625 0.125 0.095703125 0.0986328125
2 0.6708984375 0.6103515625 0.0751953125 0.0703125
3 0.083984375 0.05078125 0.1513671875 0.099609375
3 0.2578125 0.2509765625 0.1201171875 0.1142578125
2 0.798828125 0.974609375 0.1435546875 0.0498046875
2 0.1005859375 0.8701171875 0.1142578125 0.1064453125
3 0.775390625 0.0498046875 0.099609375 0.099609375
2 0.134765625 0.7978515625 0.111328125 0.107421875
2 0.138671875 0.63671875 0.109375 0.1064453125
3 0.3212890625 0.439453125 0.138671875 0.125
2 0.9619140625 0.7431640625 0.076171875 0.248046875
3 0.1123046875 0.458984375 0.0859375 0.0810546875
2 0.8779296875 0.3564453125 0.1611328125 0.1640625
3 0.068359375 0.3095703125 0.0859375 0.083984375
3 0.0478515625 0.107421875 0.09375 0.1591796875
2 0.384765625 0.552734375 0.115234375 0.115234375
2 0.71484375 0.802734375 0.173828125 0.169921875
2 0.630859375 0.75390625 0.1220703125 0.123046875
2 0.44140625 0.841796875 0.134765625 0.1376953125
3 0.203125 0.107421875 0.0986328125 0.0888671875
3 0.23046875 0.072265625 0.0888671875 0.078125
2 0.841796875 0.6474609375 0.154296875 0.1357421875
3 0.208984375 0.3544921875 0.0830078125 0.0732421875
2 0.07421875 0.740234375 0.1044921875 0.123046875
3 0.734375 0.03125 0.1044921875 0.0625
3 0.671875 0.16796875 0.123046875 0.125
3 0.416015625 0.322265625 0.115234375 0.1064453125
2 0.029296875 0.8466796875 0.05859375 0.169921875
3 0.5498046875 0.099609375 0.140625 0.171875
2 0.53515625 0.6650390625 0.1435546875 0.15625
1 0.427734375 0.0517578125 0.107421875 0.103515625
1 0.310546875 0.025390625 0.1015625 0.048828125
3 0.427734375 0.0517578125 0.111328125 0.103515625
3 0.2548828125 0.0419921875 0.107421875 0.083984375
2 0.787109375 0.7216796875 0.142578125 0.1455078125
3 0.486328125 0.025390625 0.1220703125 0.0498046875
2 0.9765625 0.45703125 0.046875 0.1357421875
1 0.447265625 0.28515625 0.091796875 0.0908203125
3 0.3720703125 0.107421875 0.138671875 0.1357421875
2 0.814453125 0.6015625 0.216796875 0.2314453125
2 0.1748046875 0.58203125 0.099609375 0.091796875
3 0.30078125 0.4169921875 0.0830078125 0.0751953125
3 0.2890625 0.9091796875 0.0888671875 0.095703125
2 0.2880859375 0.9091796875 0.0888671875 0.095703125
3 0.068359375 0.244140625 0.0595703125 0.0595703125
2 0.6982421875 0.4931640625 0.1220703125 0.115234375
1 0.1552734375 0.4072265625 0.111328125 0.107421875
2 0.0791015625 0.9072265625 0.158203125 0.185546875
3 0.072265625 0.7412109375 0.1064453125 0.1201171875
2 0.1220703125 0.6181640625 0.068359375 0.0654296875
3 0.5947265625 0.3828125 0.0751953125 0.0810546875
3 0.5625 0.2080078125 0.0859375 0.076171875
3 0.130859375 0.1904296875 0.0751953125 0.080078125
3 0.48046875 0.8916015625 0.0859375 0.099609375
3 0.318359375 0.22265625 0.0751953125 0.0703125
3 0.3876953125 0.361328125 0.1201171875 0.1044921875
2 0.6025390625 0.94921875 0.1298828125 0.099609375
3 0.3388671875 0.384765625 0.083984375 0.083984375
2 0.0400390625 0.974609375 0.078125 0.0498046875
2 0.9794921875 0.736328125 0.041015625 0.142578125
3 0.447265625 0.28515625 0.091796875 0.0908203125
3 0.552734375 0.40234375 0.095703125 0.09375
2 0.93359375 0.037109375 0.1328125 0.072265625
2 0.96875 0.017578125 0.0625 0.03515625
0 0.8212890625 0.6142578125 0.2109375 0.234375
3 0.921875 0.0869140625 0.0654296875 0.068359375
2 0.0517578125 0.951171875 0.103515625 0.0966796875
2 0.9853515625 0.140625 0.029296875 0.1220703125
1 0.259765625 0.041015625 0.0966796875 0.0810546875
2 0.568359375 0.814453125 0.080078125 0.076171875
0 0.0830078125 0.9033203125 0.166015625 0.193359375
3 0.6181640625 0.3486328125 0.0966796875 0.091796875
2 0.220703125 0.544921875 0.203125 0.1796875
2 0.013671875 0.6552734375 0.02734375 0.166015625
3 0.244140625 0.232421875 0.0810546875 0.0751953125
3 0.529296875 0.435546875 0.095703125 0.087890625