1 0.736328125 0.859375 0.1142578125 0.1044921875
3 0.2412109375 0.1689453125 0.1376953125 0.1298828125
3 0.458984375 0.4267578125 0.1435546875 0.1328125
3 0.419921875 0.3388671875 0.126953125 0.1171875
3 0.048828125 0.9443359375 0.0966796875 0.109375
3 0.703125 0.3486328125 0.1123046875 0.1015625
3 0.583984375 0.62890625 0.150390625 0.1455078125
3 0.560546875 0.294921875 0.119140625 0.1201171875
3 0.509765625 0.5126953125 0.130859375 0.125
1 0.119140625 0.607421875 0.1357421875 0.1435546875
3 0.9111328125 0.369140625 0.123046875 0.0703125
3 0.5244140625 0.1982421875 0.0625 0.0830078125
3 0.044921875 0.685546875 0.0888671875 0.1123046875
1 0.2705078125 0.583984375 0.1455078125 0.1376953125
3 0.2373046875 0.9150390625 0.1015625 0.107421875
3 0.3564453125 0.7314453125 0.119140625 0.119140625
1 0.447265625 0.7734375 0.1123046875 0.109375
3 0.3076171875 0.666015625 0.1123046875 0.1123046875
1 0.044921875 0.4423828125 0.0888671875 0.1435546875
3 0.673828125 0.447265625 0.1376953125 0.134765625
3 0.697265625 0.9345703125 0.109375 0.1044921875
1 0.708984375 0.939453125 0.1376953125 0.115234375
3 0.7685546875 0.693359375 0.0966796875 0.1064453125
1 0.462890625 0.861328125 0.1044921875 0.107421875
3 0.115234375 0.978515625 0.125 0.0419921875
3 0.4501953125 0.7734375 0.109375 0.111328125
3 0.8515625 0.552734375 0.111328125 0.1142578125
3 0.033203125 0.47265625 0.0654296875 0.0751953125
3 0.8408203125 0.583984375 0.1484375 0.1845703125
3 0.919921875 0.447265625 0.1123046875 0.095703125
1 0.0419921875 0.5419921875 0.083984375 0.1201171875
3 0.3154296875 0.9580078125 0.091796875 0.083984375
3 0.6171875 0.376953125 0.041015625 0.041015625
3 0.517578125 0.984375 0.0908203125 0.03125
3 0.7900390625 0.705078125 0.1484375 0.1376953125
3 0.4638671875 0.861328125 0.1044921875 0.107421875
3 0.2705078125 0.5830078125 0.1455078125 0.1376953125
3 0.96875 0.056640625 0.0625 0.1123046875
1 0.919921875 0.447265625 0.111328125 0.095703125
3 0.826171875 0.626953125 0.111328125 0.0966796875
3 0.228515625 0.2529296875 0.0908203125 0.0654296875
1 0.1708984375 0.9423828125 0.103515625 0.0986328125
1 0.533203125 0.017578125 0.0966796875 0.033203125
1 0.912109375 0.3662109375 0.1357421875 0.080078125
1 0.96875 0.0478515625 0.0625 0.09375
3 0.017578125 0.791015625 0.0341796875 0.1220703125
1 0.96875 0.716796875 0.060546875 0.103515625
3 0.396484375 0.490234375 0.0517578125 0.056640625
1 0.021484375 0.7978515625 0.04296875 0.138671875