3 0.865234375 0.904296875 0.1123046875 0.1123046875
1 0.384765625 0.3720703125 0.1064453125 0.099609375
1 0.8896484375 0.1669921875 0.126953125 0.115234375
3 0.640625 0.7470703125 0.150390625 0.1376953125
3 0.642578125 0.9521484375 0.126953125 0.09375
3 0.2861328125 0.31640625 0.1142578125 0.111328125
3 0.44921875 0.443359375 0.146484375 0.1455078125
3 0.830078125 0.67578125 0.1220703125 0.1376953125
1 0.8447265625 0.072265625 0.119140625 0.1064453125
1 0.5380859375 0.478515625 0.109375 0.109375
3 0.5869140625 0.310546875 0.078125 0.09375
1 0.2080078125 0.0244140625 0.109375 0.048828125
3 0.740234375 0.70703125 0.0908203125 0.1044921875
3 0.96875 0.630859375 0.060546875 0.1513671875
1 0.2041015625 0.748046875 0.0888671875 0.111328125
3 0.298828125 0.4794921875 0.0439453125 0.041015625
3 0.93359375 0.392578125 0.115234375 0.1123046875
1 0.115234375 0.21484375 0.056640625 0.0439453125
1 0.2431640625 0.8857421875 0.138671875 0.1279296875
1 0.671875 0.4521484375 0.1064453125 0.103515625
3 0.845703125 0.287109375 0.0576171875 0.0595703125
3 0.2197265625 0.2392578125 0.1064453125 0.0908203125
3 0.728515625 0.232421875 0.0986328125 0.1064453125
1 0.857421875 0.4375 0.0595703125 0.0595703125
3 0.9892578125 0.3701171875 0.021484375 0.064453125
3 0.328125 0.40625 0.0625 0.0625
1 0.369140625 0.384765625 0.1513671875 0.142578125
1 0.9345703125 0.392578125 0.115234375 0.1171875
3 0.9169921875 0.669921875 0.1044921875 0.1142578125
1 0.728515625 0.2314453125 0.103515625 0.109375
1 0.4541015625 0.0146484375 0.068359375 0.029296875
1 0.216796875 0.2333984375 0.109375 0.1015625
3 0.455078125 0.0146484375 0.0703125 0.029296875
3 0.90234375 0.5263671875 0.056640625 0.052734375
3 0.3837890625 0.4609375 0.0517578125 0.0517578125
3 0.5546875 0.978515625 0.107421875 0.0419921875