1 0.619140625 0.728515625 0.083984375 0.083984375
3 0.1474609375 0.70703125 0.109375 0.1044921875
1 0.45703125 0.216796875 0.1171875 0.1220703125
3 0.271484375 0.314453125 0.0751953125 0.1015625
1 0.912109375 0.103515625 0.111328125 0.1015625
1 0.6796875 0.263671875 0.0830078125 0.068359375
1 0.7998046875 0.345703125 0.1015625 0.109375
1 0.1884765625 0.53515625 0.1455078125 0.126953125
3 0.1982421875 0.4267578125 0.140625 0.1044921875
3 0.23046875 0.142578125 0.1044921875 0.1044921875
1 0.8359375 0.9130859375 0.1015625 0.109375
1 0.78515625 0.212890625 0.123046875 0.1357421875
3 0.130859375 0.1259765625 0.1279296875 0.138671875
3 0.9482421875 0.7978515625 0.103515625 0.1845703125
1 0.634765625 0.84375 0.1484375 0.142578125
3 0.9033203125 0.2421875 0.09375 0.1015625
3 0.642578125 0.6064453125 0.1484375 0.126953125
1 0.013671875 0.0283203125 0.02734375 0.056640625
3 0.119140625 0.279296875 0.0888671875 0.1201171875
1 0.427734375 0.91015625 0.0908203125 0.123046875
3 0.431640625 0.0517578125 0.1044921875 0.103515625
1 0.34375 0.048828125 0.09375 0.09765625
3 0.8173828125 0.783203125 0.197265625 0.1748046875
1 0.0146484375 0.0908203125 0.029296875 0.076171875
1 0.0234375 0.1845703125 0.046875 0.068359375
3 0.775390625 0.193359375 0.0966796875 0.0888671875
1 0.751953125 0.521484375 0.1357421875 0.150390625
1 0.3623046875 0.16015625 0.1015625 0.099609375
1 0.677734375 0.294921875 0.1328125 0.142578125
1 0.8017578125 0.0810546875 0.0654296875 0.072265625
1 0.921875 0.431640625 0.154296875 0.1328125
3 0.919921875 0.4287109375 0.1591796875 0.140625
3 0.91015625 0.615234375 0.134765625 0.1220703125
3 0.6845703125 0.095703125 0.083984375 0.0625
1 0.64453125 0.408203125 0.0576171875 0.0673828125
3 0.3427734375 0.0498046875 0.0888671875 0.099609375
3 0.9296875 0.330078125 0.140625 0.1123046875
1 0.240234375 0.04296875 0.09375 0.0859375
3 0.7548828125 0.5205078125 0.1376953125 0.1513671875
1 0.9306640625 0.3291015625 0.1376953125 0.111328125