1 0.5654296875 0.5419921875 0.138671875 0.134765625
1 0.783203125 0.904296875 0.0703125 0.0986328125
1 0.158203125 0.873046875 0.072265625 0.09375
3 0.6396484375 0.6259765625 0.1142578125 0.1123046875
3 0.5322265625 0.197265625 0.123046875 0.1220703125
3 0.54296875 0.7392578125 0.0908203125 0.0966796875
3 0.1044921875 0.3408203125 0.087890625 0.1015625
3 0.56640625 0.416015625 0.1044921875 0.109375
1 0.9375 0.5751953125 0.1171875 0.109375
3 0.9541015625 0.48828125 0.0859375 0.095703125
3 0.421875 0.5986328125 0.109375 0.1123046875
1 0.86328125 0.6416015625 0.1201171875 0.1201171875
1 0.8115234375 0.029296875 0.126953125 0.05859375
3 0.7255859375 0.1484375 0.09375 0.076171875
1 0.1669921875 0.111328125 0.0888671875 0.0888671875
3 0.9775390625 0.400390625 0.044921875 0.1201171875
0 0.9189453125 0.2392578125 0.162109375 0.287109375
3 0.8017578125 0.482421875 0.091796875 0.0888671875
1 0.76953125 0.8125 0.072265625 0.0888671875
1 0.728515625 0.5546875 0.0546875 0.0595703125
3 0.228515625 0.0400390625 0.1455078125 0.078125
1 0.7587890625 0.068359375 0.119140625 0.1171875
3 0.654296875 0.033203125 0.109375 0.06640625
3 0.841796875 0.4033203125 0.103515625 0.1015625
3 0.474609375 0.279296875 0.1376953125 0.125
1 0.841796875 0.4033203125 0.103515625 0.1044921875
1 0.7490234375 0.5625 0.1142578125 0.119140625
3 0.462890625 0.263671875 0.0830078125 0.0751953125
0 0.9423828125 0.2041015625 0.115234375 0.205078125
3 0.591796875 0.080078125 0.111328125 0.119140625
3 0.7587890625 0.0693359375 0.115234375 0.1123046875
3 0.7109375 0.177734375 0.1279296875 0.1484375
1 0.59375 0.0810546875 0.111328125 0.125
3 0.8984375 0.326171875 0.103515625 0.1064453125
3 0.166015625 0.1103515625 0.087890625 0.0859375
2 0.8974609375 0.3251953125 0.103515625 0.1064453125