3 0.4873046875 0.5810546875 0.123046875 0.1298828125
3 0.369140625 0.1640625 0.125 0.134765625
3 0.4013671875 0.6171875 0.1357421875 0.1435546875
3 0.228515625 0.9384765625 0.119140625 0.1220703125
3 0.71484375 0.7021484375 0.1484375 0.1640625
3 0.771484375 0.384765625 0.126953125 0.115234375
3 0.52734375 0.3408203125 0.1328125 0.150390625
3 0.232421875 0.517578125 0.140625 0.1640625
3 0.2431640625 0.0576171875 0.115234375 0.115234375
3 0.951171875 0.7119140625 0.0966796875 0.140625
3 0.767578125 0.8671875 0.1376953125 0.1591796875
3 0.0625 0.33203125 0.1201171875 0.1357421875
3 0.037109375 0.1787109375 0.0732421875 0.158203125
3 0.1708984375 0.0888671875 0.123046875 0.1435546875
3 0.2431640625 0.689453125 0.119140625 0.1357421875
3 0.2783203125 0.201171875 0.1298828125 0.138671875
3 0.916015625 0.78125 0.1220703125 0.1201171875
3 0.4384765625 0.107421875 0.125 0.1298828125
3 0.6904296875 0.9189453125 0.1220703125 0.126953125
3 0.083984375 0.1259765625 0.1220703125 0.134765625
3 0.833984375 0.82421875 0.1142578125 0.115234375
3 0.619140625 0.4697265625 0.142578125 0.154296875
3 0.1474609375 0.3037109375 0.1015625 0.1064453125
3 0.78125 0.638671875 0.1064453125 0.115234375
3 0.853515625 0.595703125 0.1279296875 0.126953125
3 0.3134765625 0.9189453125 0.125 0.150390625
3 0.447265625 0.376953125 0.1171875 0.1171875
3 0.0849609375 0.75 0.1064453125 0.142578125
3 0.8193359375 0.31640625 0.1220703125 0.125
3 0.6904296875 0.43359375 0.1142578125 0.115234375
3 0.556640625 0.529296875 0.1201171875 0.123046875
3 0.8837890625 0.2421875 0.140625 0.1455078125
3 0.3271484375 0.666015625 0.1142578125 0.1220703125
3 0.681640625 0.236328125 0.1455078125 0.1533203125
3 0.6171875 0.736328125 0.103515625 0.107421875
3 0.6025390625 0.9599609375 0.1064453125 0.078125
3 0.322265625 0.0302734375 0.125 0.060546875
3 0.5693359375 0.0341796875 0.1279296875 0.068359375
3 0.302734375 0.4736328125 0.09375 0.1064453125
3 0.154296875 0.708984375 0.119140625 0.1455078125
3 0.96484375 0.4755859375 0.0703125 0.138671875
3 0.0537109375 0.9638671875 0.1044921875 0.072265625
3 0.2197265625 0.2607421875 0.099609375 0.1064453125
3 0.974609375 0.955078125 0.0498046875 0.0888671875
3 0.416015625 0.916015625 0.111328125 0.1015625
3 0.390625 0.4482421875 0.119140625 0.126953125
3 0.1494140625 0.54296875 0.119140625 0.1220703125
3 0.6064453125 0.287109375 0.125 0.1279296875
3 0.5498046875 0.7900390625 0.0986328125 0.091796875
3 0.470703125 0.830078125 0.1064453125 0.111328125
3 0.9794921875 0.1005859375 0.041015625 0.1484375
3 0.916015625 0.5361328125 0.1357421875 0.1357421875
3 0.9306640625 0.9775390625 0.134765625 0.044921875
3 0.380859375 0.8544921875 0.0966796875 0.09375
3 0.759765625 0.158203125 0.1845703125 0.177734375
3 0.56640625 0.818359375 0.142578125 0.162109375
3 0.025390625 0.7666015625 0.05078125 0.150390625
3 0.0224609375 0.599609375 0.044921875 0.142578125
3 0.400390625 0.0146484375 0.087890625 0.029296875
1 0.0654296875 0.564453125 0.099609375 0.103515625
3 0.4326171875 0.9775390625 0.060546875 0.044921875
3 0.138671875 0.18359375 0.0517578125 0.046875
1 0.134765625 0.947265625 0.111328125 0.1044921875
3 0.5478515625 0.9853515625 0.091796875 0.029296875
3 0.916015625 0.0361328125 0.15625 0.0703125
3 0.966796875 0.8671875 0.0625 0.099609375
3 0.9853515625 0.5712890625 0.029296875 0.048828125
1 0.916015625 0.533203125 0.140625 0.140625
3 0.0224609375 0.974609375 0.044921875 0.0498046875
3 0.009765625 0.3876953125 0.01953125 0.072265625
3 0.513671875 0.0615234375 0.1376953125 0.1220703125
3 0.654296875 0.8056640625 0.083984375 0.078125
3 0.1357421875 0.947265625 0.109375 0.1044921875
3 0.16796875 0.2119140625 0.0673828125 0.060546875
1 0.513671875 0.064453125 0.123046875 0.126953125
3 0.9921875 0.6435546875 0.013671875 0.1171875
3 0.01171875 0.369140625 0.0234375 0.1298828125
3 0.564453125 0.8662109375 0.0576171875 0.060546875