1 0.4755859375 0.875 0.0966796875 0.099609375
1 0.5810546875 0.927734375 0.1357421875 0.1435546875
1 0.6376953125 0.1708984375 0.1064453125 0.162109375
1 0.619140625 0.51953125 0.076171875 0.099609375
1 0.8349609375 0.39453125 0.1064453125 0.1220703125
3 0.8037109375 0.681640625 0.1044921875 0.0966796875
3 0.501953125 0.7109375 0.0625 0.0859375
3 0.873046875 0.560546875 0.1142578125 0.1123046875
1 0.69140625 0.373046875 0.1376953125 0.1455078125
3 0.75390625 0.1376953125 0.0888671875 0.0810546875
3 0.947265625 0.9619140625 0.103515625 0.076171875
1 0.123046875 0.724609375 0.056640625 0.0625
3 0.0263671875 0.9638671875 0.052734375 0.072265625
3 0.28515625 0.84765625 0.126953125 0.134765625
1 0.140625 0.970703125 0.130859375 0.056640625
3 0.96484375 0.32421875 0.0703125 0.115234375
3 0.8056640625 0.896484375 0.123046875 0.1171875
3 0.666015625 0.6083984375 0.1123046875 0.119140625
3 0.5927734375 0.318359375 0.1123046875 0.150390625
1 0.720703125 0.77734375 0.1689453125 0.134765625
3 0.4091796875 0.255859375 0.138671875 0.125
3 0.771484375 0.912109375 0.193359375 0.1669921875
3 0.693359375 0.373046875 0.1298828125 0.138671875
1 0.658203125 0.9716796875 0.123046875 0.056640625
3 0.521484375 0.2861328125 0.1142578125 0.134765625
3 0.5537109375 0.3193359375 0.1953125 0.203125
1 0.2841796875 0.8447265625 0.126953125 0.1376953125
3 0.982421875 0.5859375 0.0341796875 0.1220703125
3 0.7275390625 0.884765625 0.0859375 0.0732421875
1 0.9453125 0.9609375 0.109375 0.078125
3 0.9794921875 0.7177734375 0.0390625 0.078125
1 0.689453125 0.5595703125 0.1767578125 0.224609375
1 0.958984375 0.52734375 0.078125 0.078125
1 0.9794921875 0.7197265625 0.041015625 0.068359375