3 0.8115234375 0.5380859375 0.1484375 0.1484375
3 0.869140625 0.0634765625 0.138671875 0.126953125
3 0.1787109375 0.70703125 0.111328125 0.1279296875
3 0.9169921875 0.376953125 0.125 0.126953125
3 0.87890625 0.771484375 0.15625 0.1611328125
3 0.609375 0.759765625 0.1220703125 0.119140625
3 0.6728515625 0.6904296875 0.119140625 0.1171875
3 0.0986328125 0.955078125 0.076171875 0.087890625
3 0.724609375 0.607421875 0.1279296875 0.1328125
3 0.2041015625 0.9580078125 0.130859375 0.083984375
3 0.689453125 0.3837890625 0.1064453125 0.1123046875
3 0.5498046875 0.6630859375 0.0830078125 0.0810546875
3 0.556640625 0.8359375 0.1298828125 0.126953125
3 0.498046875 0.28125 0.1279296875 0.125
3 0.6435546875 0.166015625 0.146484375 0.1455078125
3 0.052734375 0.5458984375 0.0908203125 0.1171875
3 0.64453125 0.443359375 0.1123046875 0.1142578125
3 0.755859375 0.287109375 0.140625 0.150390625
3 0.8173828125 0.3349609375 0.150390625 0.1640625
3 0.328125 0.8759765625 0.1279296875 0.1201171875
3 0.0693359375 0.328125 0.09375 0.1298828125
3 0.58984375 0.505859375 0.099609375 0.0986328125
3 0.2626953125 0.9306640625 0.103515625 0.111328125
3 0.158203125 0.32421875 0.0830078125 0.1220703125
3 0.552734375 0.56640625 0.119140625 0.115234375
3 0.0537109375 0.15234375 0.0732421875 0.123046875
3 0.94921875 0.568359375 0.1015625 0.1220703125
3 0.955078125 0.4404296875 0.087890625 0.126953125
3 0.44921875 0.9541015625 0.115234375 0.0908203125
3 0.521484375 0.1396484375 0.142578125 0.162109375
3 0.1416015625 0.5498046875 0.083984375 0.1298828125
3 0.935546875 0.9375 0.109375 0.1044921875
3 0.4521484375 0.677734375 0.1201171875 0.119140625
3 0.0546875 0.7236328125 0.0703125 0.1123046875
3 0.9619140625 0.8828125 0.0751953125 0.1015625
3 0.7763671875 0.037109375 0.154296875 0.07421875
3 0.359375 0.4931640625 0.15625 0.15625
3 0.93359375 0.123046875 0.1328125 0.173828125
3 0.1455078125 0.142578125 0.083984375 0.1142578125
3 0.873046875 0.9716796875 0.1357421875 0.056640625
3 0.40625 0.7373046875 0.1044921875 0.1064453125
3 0.98828125 0.6259765625 0.0234375 0.1298828125
3 0.5 0.904296875 0.1171875 0.1171875
3 0.310546875 0.15234375 0.0859375 0.1455078125
3 0.005859375 0.3271484375 0.01171875 0.123046875
3 0.4248046875 0.373046875 0.1279296875 0.1201171875
3 0.220703125 0.548828125 0.0888671875 0.1201171875
1 0.2255859375 0.134765625 0.0859375 0.109375
1 0.6484375 0.5517578125 0.0986328125 0.0966796875
3 0.2275390625 0.1357421875 0.0859375 0.111328125
3 0.013671875 0.9501953125 0.02734375 0.099609375
3 0.7958984375 0.8701171875 0.1513671875 0.140625
3 0.3134765625 0.19921875 0.076171875 0.052734375
1 0.146484375 0.146484375 0.0908203125 0.130859375
1 0.4375 0.392578125 0.1826171875 0.171875
1 0.22265625 0.5517578125 0.0888671875 0.125
2 0.7490234375 0.89453125 0.2548828125 0.2109375
3 0.755859375 0.8974609375 0.244140625 0.203125
1 0.0107421875 0.724609375 0.021484375 0.1533203125
3 0.3603515625 0.806640625 0.1220703125 0.126953125
3 0.38671875 0.142578125 0.029296875 0.072265625
0 0.7548828125 0.8935546875 0.2529296875 0.2109375
3 0.3779296875 0.9853515625 0.138671875 0.029296875
3 0.435546875 0.3974609375 0.1748046875 0.1767578125
3 0.251953125 0.2734375 0.1064453125 0.0859375
3 0.0390625 0.451171875 0.078125 0.0595703125