2 0.4951171875 0.3271484375 0.1279296875 0.1748046875
3 0.8623046875 0.8955078125 0.134765625 0.1376953125
3 0.591796875 0.873046875 0.138671875 0.150390625
3 0.65234375 0.921875 0.1376953125 0.1484375
3 0.611328125 0.689453125 0.1328125 0.142578125
1 0.3251953125 0.962890625 0.0751953125 0.0732421875
3 0.533203125 0.8291015625 0.125 0.1328125
3 0.2109375 0.2470703125 0.1015625 0.1455078125
3 0.923828125 0.9423828125 0.134765625 0.1142578125
3 0.783203125 0.9697265625 0.111328125 0.060546875
3 0.6826171875 0.7353515625 0.1357421875 0.130859375
3 0.27734375 0.291015625 0.1064453125 0.150390625
3 0.7998046875 0.830078125 0.1328125 0.130859375
0 0.888671875 0.5537109375 0.220703125 0.392578125
3 0.720703125 0.947265625 0.111328125 0.103515625
3 0.46484375 0.76953125 0.146484375 0.158203125
3 0.3466796875 0.3330078125 0.1201171875 0.162109375
3 0.4326171875 0.6123046875 0.0625 0.078125
3 0.30859375 0.1181640625 0.1142578125 0.1513671875
3 0.400390625 0.1533203125 0.1513671875 0.1533203125
3 0.4912109375 0.634765625 0.0888671875 0.0888671875
0 0.1123046875 0.666015625 0.1826171875 0.1826171875
0 0.771484375 0.30859375 0.3828125 0.421875
2 0.017578125 0.3818359375 0.0341796875 0.205078125
2 0.9365234375 0.466796875 0.125 0.1982421875
3 0.388671875 0.9833984375 0.0966796875 0.033203125
3 0.96875 0.9765625 0.0625 0.046875
3 0.1435546875 0.052734375 0.1328125 0.103515625
2 0.873046875 0.58203125 0.1767578125 0.173828125
2 0.0693359375 0.5087890625 0.138671875 0.138671875
1 0.1103515625 0.873046875 0.076171875 0.072265625
0 0.1513671875 0.162109375 0.302734375 0.32421875
3 0.736328125 0.78515625 0.130859375 0.123046875
2 0.34765625 0.3349609375 0.1220703125 0.154296875
3 0.2294921875 0.07421875 0.1142578125 0.1455078125
3 0.080078125 0.1708984375 0.123046875 0.158203125
2 0.5947265625 0.1591796875 0.0439453125 0.048828125
3 0.9892578125 0.748046875 0.021484375 0.134765625
2 0.7421875 0.3681640625 0.322265625 0.2998046875
0 0.875 0.583984375 0.1826171875 0.1748046875
0 0.056640625 0.095703125 0.11328125 0.19140625
3 0.1494140625 0.212890625 0.1123046875 0.1328125