3 0.8046875 0.8134765625 0.1328125 0.1279296875
3 0.2119140625 0.2978515625 0.1201171875 0.123046875
3 0.875 0.521484375 0.150390625 0.1513671875
3 0.2890625 0.751953125 0.1455078125 0.1435546875
3 0.3662109375 0.466796875 0.142578125 0.146484375
3 0.189453125 0.646484375 0.1357421875 0.1376953125
3 0.48828125 0.3564453125 0.1220703125 0.1220703125
3 0.91796875 0.685546875 0.1435546875 0.1328125
3 0.751953125 0.6318359375 0.1279296875 0.1298828125
3 0.869140625 0.755859375 0.1171875 0.119140625
3 0.423828125 0.408203125 0.1123046875 0.115234375
3 0.15234375 0.361328125 0.138671875 0.1376953125
3 0.044921875 0.48046875 0.087890625 0.109375
3 0.5615234375 0.7939453125 0.109375 0.111328125
3 0.455078125 0.0693359375 0.162109375 0.138671875
3 0.228515625 0.8125 0.1201171875 0.115234375
3 0.654296875 0.8857421875 0.0830078125 0.0830078125
3 0.1630859375 0.8671875 0.1435546875 0.142578125
3 0.6005859375 0.4716796875 0.1298828125 0.134765625
3 0.2666015625 0.2451171875 0.1220703125 0.123046875
3 0.6220703125 0.7470703125 0.0888671875 0.095703125
3 0.517578125 0.8505859375 0.1220703125 0.1142578125
3 0.0986328125 0.4228515625 0.111328125 0.119140625
3 0.0927734375 0.185546875 0.109375 0.1142578125
3 0.291015625 0.5107421875 0.111328125 0.1123046875
3 0.3955078125 0.958984375 0.123046875 0.080078125
3 0.7822265625 0.072265625 0.119140625 0.1142578125
3 0.103515625 0.939453125 0.1220703125 0.115234375
3 0.2763671875 0.037109375 0.1298828125 0.0732421875
3 0.4873046875 0.595703125 0.1064453125 0.1064453125
3 0.4599609375 0.9287109375 0.1376953125 0.140625
3 0.533203125 0.525390625 0.1455078125 0.1279296875
3 0.7216796875 0.0458984375 0.1328125 0.0908203125
3 0.810546875 0.578125 0.107421875 0.115234375
3 0.4248046875 0.6513671875 0.1142578125 0.115234375
3 0.7470703125 0.8779296875 0.1064453125 0.1044921875
3 0.06640625 0.271484375 0.1015625 0.103515625
3 0.3701171875 0.7060546875 0.103515625 0.1064453125
3 0.94921875 0.947265625 0.1015625 0.103515625
3 0.9716796875 0.6474609375 0.0546875 0.1142578125
3 0.0546875 0.736328125 0.109375 0.1220703125
3 0.9375 0.462890625 0.125 0.138671875
3 0.623046875 0.2275390625 0.1640625 0.166015625
3 0.1552734375 0.134765625 0.1328125 0.1298828125
3 0.966796875 0.390625 0.0654296875 0.1220703125
3 0.384765625 0.1279296875 0.130859375 0.1357421875
3 0.98046875 0.8994140625 0.0390625 0.115234375
3 0.693359375 0.9326171875 0.0986328125 0.0966796875
3 0.6337890625 0.9619140625 0.107421875 0.076171875
3 0.033203125 0.224609375 0.0654296875 0.1044921875
3 0.72265625 0.3369140625 0.1533203125 0.1435546875
3 0.6953125 0.6875 0.134765625 0.123046875
3 0.0517578125 0.9716796875 0.1015625 0.056640625
3 0.89453125 0.98046875 0.111328125 0.0390625
3 0.607421875 0.8427734375 0.0888671875 0.0888671875
3 0.01953125 0.30078125 0.0390625 0.1171875
3 0.3193359375 0.98046875 0.125 0.0390625
1 0.2333984375 0.56640625 0.095703125 0.0966796875
3 0.8310546875 0.1513671875 0.1015625 0.1015625
3 0.3271484375 0.181640625 0.138671875 0.138671875
3 0.6640625 0.013671875 0.12890625 0.02734375
3 0.3681640625 0.0185546875 0.150390625 0.0361328125
3 0.0908203125 0.7958984375 0.099609375 0.0966796875
1 0.21484375 0.0712890625 0.150390625 0.142578125
3 0.109375 0.677734375 0.0888671875 0.0859375
3 0.490234375 0.5029296875 0.0546875 0.0546875
3 0.6552734375 0.3994140625 0.1533203125 0.150390625
3 0.2353515625 0.56640625 0.1015625 0.0966796875
3 0.912109375 0.0576171875 0.1748046875 0.1142578125
3 0.216796875 0.0703125 0.150390625 0.140625
3 0.544921875 0.283203125 0.130859375 0.1279296875
3 0.9619140625 0.111328125 0.076171875 0.1435546875
3 0.9892578125 0.3271484375 0.021484375 0.130859375
3 0.6904296875 0.3671875 0.2314453125 0.21875
3 0.8828125 0.2060546875 0.1044921875 0.099609375
3 0.015625 0.53515625 0.03125 0.115234375
3 0.5654296875 0.9892578125 0.111328125 0.021484375
3 0.986328125 0.548828125 0.0263671875 0.0888671875
3 0.03125 0.8212890625 0.0625 0.146484375
3 0.025390625 0.0166015625 0.048828125 0.03125
3 0.5908203125 0.259765625 0.234375 0.234375
3 0.568359375 0.400390625 0.0361328125 0.0390625
3 0.3642578125 0.1572265625 0.189453125 0.197265625
3 0.9921875 0.5458984375 0.013671875 0.1484375
3 0.4970703125 0.888671875 0.087890625 0.091796875