3 0.677734375 0.263671875 0.1689453125 0.1689453125
3 0.736328125 0.18359375 0.1611328125 0.150390625
3 0.1728515625 0.486328125 0.130859375 0.1201171875
3 0.537109375 0.39453125 0.140625 0.138671875
3 0.3544921875 0.2490234375 0.138671875 0.1328125
3 0.623046875 0.3408203125 0.1982421875 0.1796875
3 0.234375 0.4111328125 0.1171875 0.1123046875
3 0.05078125 0.6435546875 0.099609375 0.1201171875
2 0.876953125 0.7578125 0.2392578125 0.2421875
3 0.4873046875 0.470703125 0.125 0.1201171875
3 0.111328125 0.185546875 0.1298828125 0.1279296875
2 0.685546875 0.63671875 0.1533203125 0.173828125
3 0.888671875 0.150390625 0.171875 0.193359375
1 0.58203125 0.8173828125 0.0986328125 0.0986328125
3 0.5361328125 0.0458984375 0.1513671875 0.091796875
3 0.1103515625 0.931640625 0.142578125 0.1357421875
3 0.365234375 0.626953125 0.171875 0.162109375
3 0.294921875 0.7138671875 0.125 0.1044921875
3 0.291015625 0.3212890625 0.1435546875 0.1357421875
3 0.052734375 0.25 0.10546875 0.12109375
3 0.4296875 0.1748046875 0.154296875 0.1435546875
3 0.03125 0.712890625 0.0625 0.1376953125
3 0.48046875 0.103515625 0.1171875 0.115234375
2 0.783203125 0.5166015625 0.1845703125 0.173828125
2 0.9677734375 0.939453125 0.0625 0.103515625
3 0.3662109375 0.0263671875 0.111328125 0.052734375
3 0.228515625 0.048828125 0.1220703125 0.0966796875
3 0.1162109375 0.5693359375 0.1279296875 0.1279296875
3 0.41796875 0.048828125 0.11328125 0.09765625
3 0.0458984375 0.9775390625 0.091796875 0.044921875
1 0.2353515625 0.77734375 0.1171875 0.111328125
3 0.548828125 0.8642578125 0.0966796875 0.09375
2 0.4482421875 0.9326171875 0.185546875 0.1328125
3 0.439453125 0.5517578125 0.1328125 0.125
1 0.447265625 0.931640625 0.1826171875 0.134765625
3 0.1044921875 0.2958984375 0.1142578125 0.1142578125
2 0.96484375 0.576171875 0.0703125 0.21875
3 0.169921875 0.845703125 0.1171875 0.1142578125
3 0.6162109375 0.7587890625 0.099609375 0.1044921875
3 0.224609375 0.9013671875 0.126953125 0.119140625
3 0.234375 0.7783203125 0.115234375 0.109375
1 0.806640625 0.0634765625 0.1591796875 0.126953125
2 0.689453125 0.9375 0.134765625 0.123046875
3 0.029296875 0.0205078125 0.056640625 0.041015625
1 0.283203125 0.19921875 0.095703125 0.099609375
3 0.806640625 0.060546875 0.158203125 0.1201171875
3 0.173828125 0.099609375 0.1513671875 0.1513671875
2 0.900390625 0.94140625 0.1923828125 0.1142578125
2 0.9765625 0.7880859375 0.046875 0.1064453125
3 0.2021484375 0.8759765625 0.1826171875 0.1826171875
1 0.9287109375 0.333984375 0.142578125 0.138671875
3 0.9609375 0.21875 0.078125 0.2392578125
3 0.1806640625 0.3662109375 0.0859375 0.0751953125
1 0.060546875 0.53125 0.0810546875 0.0859375
3 0.009765625 0.4326171875 0.017578125 0.134765625
3 0.2158203125 0.103515625 0.244140625 0.20703125
3 0.931640625 0.3310546875 0.1357421875 0.1298828125
3 0.404296875 0.650390625 0.228515625 0.2236328125
2 0.705078125 0.923828125 0.0908203125 0.0859375
0 0.8974609375 0.94140625 0.1904296875 0.115234375
1 0.6083984375 0.5458984375 0.0888671875 0.0908203125
3 0.6279296875 0.45703125 0.1015625 0.107421875
3 0.0810546875 0.271484375 0.162109375 0.162109375
3 0.365234375 0.9833984375 0.123046875 0.033203125
3 0.1865234375 0.34765625 0.109375 0.1171875
3 0.017578125 0.435546875 0.0341796875 0.1513671875