2 0.791015625 0.076171875 0.203125 0.15234375
3 0.8974609375 0.8271484375 0.1875 0.181640625
3 0.802734375 0.708984375 0.126953125 0.119140625
3 0.8486328125 0.6474609375 0.115234375 0.1015625
3 0.8525390625 0.9345703125 0.1201171875 0.109375
2 0.291015625 0.08203125 0.099609375 0.1142578125
3 0.748046875 0.970703125 0.083984375 0.0576171875
3 0.884765625 0.5986328125 0.1064453125 0.0986328125
2 0.169921875 0.51953125 0.1904296875 0.2001953125
3 0.658203125 0.8642578125 0.0888671875 0.0908203125
2 0.7177734375 0.2412109375 0.21875 0.203125
2 0.357421875 0.2919921875 0.173828125 0.177734375
3 0.71484375 0.810546875 0.1015625 0.095703125
2 0.1337890625 0.8896484375 0.2265625 0.21875
3 0.564453125 0.974609375 0.1123046875 0.0498046875
2 0.162109375 0.3251953125 0.0986328125 0.109375
2 0.0361328125 0.7607421875 0.0703125 0.224609375
0 0.1376953125 0.546875 0.275390625 0.3671875
3 0.9248046875 0.541015625 0.1123046875 0.109375
3 0.966796875 0.6669921875 0.064453125 0.0751953125
1 0.6162109375 0.9267578125 0.0888671875 0.0908203125
2 0.5341796875 0.0712890625 0.076171875 0.0703125
3 0.763671875 0.7685546875 0.1298828125 0.1220703125
2 0.6337890625 0.5166015625 0.1015625 0.0966796875
3 0.984375 0.43359375 0.03125 0.099609375
2 0.759765625 0.341796875 0.4423828125 0.404296875
3 0.9833984375 0.6943359375 0.033203125 0.1201171875
2 0.4619140625 0.6787109375 0.0966796875 0.09375
3 0.2421875 0.212890625 0.0830078125 0.0908203125
2 0.2255859375 0.7763671875 0.158203125 0.1533203125
2 0.1787109375 0.841796875 0.130859375 0.1123046875
3 0.1748046875 0.021484375 0.083984375 0.04296875
3 0.3212890625 0.9638671875 0.1328125 0.072265625
3 0.716796875 0.9091796875 0.0859375 0.083984375
3 0.98828125 0.9580078125 0.0234375 0.083984375
2 0.466796875 0.4833984375 0.255859375 0.267578125
1 0.09375 0.26171875 0.111328125 0.125
2 0.861328125 0.2431640625 0.2216796875 0.193359375
0 0.4140625 0.0478515625 0.1328125 0.09375
3 0.4423828125 0.8466796875 0.0986328125 0.083984375
2 0.337890625 0.1572265625 0.060546875 0.064453125
0 0.072265625 0.5126953125 0.142578125 0.3095703125
2 0.0859375 0.1171875 0.1201171875 0.1328125
3 0.634765625 0.517578125 0.103515625 0.0966796875
3 0.466796875 0.80859375 0.0986328125 0.091796875
3 0.1748046875 0.158203125 0.0859375 0.09375
3 0.9619140625 0.763671875 0.076171875 0.1064453125
0 0.435546875 0.7724609375 0.384765625 0.4189453125
3 0.1044921875 0.0986328125 0.0830078125 0.0859375
3 0.5029296875 0.7744140625 0.0986328125 0.091796875
3 0.4619140625 0.6787109375 0.0966796875 0.09375
3 0.03515625 0.0234375 0.0703125 0.046875
3 0.1796875 0.841796875 0.130859375 0.109375
3 0.0205078125 0.0673828125 0.041015625 0.1171875
3 0.3818359375 0.90625 0.140625 0.158203125
0 0.4599609375 0.07421875 0.240234375 0.1484375
3 0.134765625 0.1396484375 0.0810546875 0.091796875
2 0.0224609375 0.3564453125 0.044921875 0.1357421875
3 0.087890625 0.12109375 0.1171875 0.1328125
3 0.275390625 0.248046875 0.091796875 0.099609375
3 0.126953125 0.2939453125 0.1064453125 0.1220703125
3 0.224609375 0.7763671875 0.158203125 0.1533203125
3 0.7412109375 0.75390625 0.0888671875 0.0888671875
2 0.392578125 0.0263671875 0.087890625 0.052734375
3 0.1630859375 0.3251953125 0.0986328125 0.109375
2 0.5244140625 0.12890625 0.060546875 0.064453125
3 0.6181640625 0.9267578125 0.0908203125 0.091796875
0 0.083984375 0.2578125 0.166015625 0.1611328125
3 0.95703125 0.494140625 0.0859375 0.1171875
1 0.2216796875 0.041015625 0.099609375 0.080078125
3 0.607421875 0.599609375 0.1845703125 0.1689453125
1 0.9560546875 0.494140625 0.0859375 0.111328125
0 0.6806640625 0.3515625 0.6064453125 0.4267578125
2 0.009765625 0.353515625 0.0185546875 0.1298828125
3 0.205078125 0.189453125 0.060546875 0.0625
2 0.498046875 0.06640625 0.154296875 0.1328125