3 0.1240234375 0.587890625 0.146484375 0.1279296875
3 0.4287109375 0.67578125 0.1533203125 0.1611328125
3 0.8046875 0.833984375 0.142578125 0.1357421875
3 0.0537109375 0.7216796875 0.1064453125 0.15625
3 0.34375 0.4248046875 0.1328125 0.1435546875
1 0.3505859375 0.236328125 0.1376953125 0.1279296875
3 0.791015625 0.0576171875 0.134765625 0.115234375
3 0.6083984375 0.2001953125 0.111328125 0.1015625
3 0.052734375 0.2646484375 0.1044921875 0.1357421875
3 0.1201171875 0.880859375 0.130859375 0.126953125
3 0.6953125 0.9306640625 0.1689453125 0.138671875
3 0.6259765625 0.5224609375 0.1533203125 0.154296875
3 0.6103515625 0.8154296875 0.1220703125 0.134765625
3 0.7548828125 0.71875 0.1796875 0.181640625
1 0.462890625 0.865234375 0.1015625 0.099609375
1 0.2451171875 0.4814453125 0.1123046875 0.119140625
3 0.564453125 0.078125 0.107421875 0.1064453125
3 0.748046875 0.4453125 0.1142578125 0.1142578125
3 0.5537109375 0.2890625 0.107421875 0.109375
3 0.4375 0.158203125 0.109375 0.111328125
3 0.0576171875 0.955078125 0.1142578125 0.0888671875
3 0.958984375 0.70703125 0.076171875 0.142578125
3 0.73828125 0.0234375 0.1171875 0.044921875
1 0.337890625 0.765625 0.1357421875 0.146484375
1 0.884765625 0.3935546875 0.1328125 0.125
3 0.4736328125 0.359375 0.1298828125 0.107421875
3 0.9072265625 0.0234375 0.1064453125 0.046875
3 0.908203125 0.2275390625 0.109375 0.1123046875
3 0.029296875 0.130859375 0.0576171875 0.1142578125
1 0.216796875 0.3232421875 0.056640625 0.0654296875
3 0.3974609375 0.025390625 0.138671875 0.05078125
1 0.1943359375 0.3388671875 0.1171875 0.1015625
3 0.9775390625 0.119140625 0.044921875 0.1142578125
1 0.3388671875 0.9521484375 0.095703125 0.09375
1 0.564453125 0.0791015625 0.1064453125 0.103515625
3 0.931640625 0.76953125 0.095703125 0.0986328125
1 0.47265625 0.357421875 0.1298828125 0.1064453125
3 0.25 0.830078125 0.1435546875 0.1611328125
3 0.9853515625 0.333984375 0.029296875 0.1220703125
1 0.1767578125 0.3505859375 0.0751953125 0.0732421875
3 0.9736328125 0.4599609375 0.0517578125 0.099609375
3 0.03515625 0.02734375 0.0703125 0.0546875
1 0.4384765625 0.158203125 0.109375 0.1123046875
3 0.0146484375 0.662109375 0.029296875 0.095703125
1 0.2490234375 0.8291015625 0.142578125 0.158203125
1 0.0576171875 0.9541015625 0.115234375 0.091796875
3 0.9716796875 0.57421875 0.056640625 0.091796875
3 0.8486328125 0.9794921875 0.119140625 0.041015625
3 0.3388671875 0.953125 0.09375 0.091796875
1 0.9736328125 0.576171875 0.052734375 0.0908203125
3 0.576171875 0.98046875 0.1279296875 0.0390625
1 0.91015625 0.228515625 0.1123046875 0.115234375
1 0.0341796875 0.0263671875 0.0673828125 0.052734375
3 0.0390625 0.0517578125 0.078125 0.103515625