3 0.587890625 0.40625 0.1123046875 0.1298828125
3 0.173828125 0.83203125 0.15625 0.150390625
3 0.294921875 0.9404296875 0.119140625 0.111328125
3 0.83203125 0.552734375 0.173828125 0.169921875
3 0.521484375 0.34375 0.138671875 0.1279296875
3 0.0966796875 0.927734375 0.1513671875 0.1376953125
3 0.63671875 0.716796875 0.09375 0.09375
3 0.2158203125 0.732421875 0.099609375 0.0986328125
3 0.884765625 0.8857421875 0.181640625 0.1875
3 0.6875 0.423828125 0.154296875 0.1640625
3 0.7646484375 0.2880859375 0.1826171875 0.1845703125
2 0.0888671875 0.5810546875 0.1123046875 0.1123046875
3 0.701171875 0.111328125 0.1142578125 0.107421875
1 0.4658203125 0.962890625 0.0751953125 0.072265625
3 0.953125 0.712890625 0.09375 0.109375
3 0.5908203125 0.2158203125 0.140625 0.154296875
3 0.857421875 0.337890625 0.115234375 0.125
3 0.7099609375 0.873046875 0.1044921875 0.1064453125
2 0.0712890625 0.3974609375 0.130859375 0.1298828125
2 0.314453125 0.158203125 0.326171875 0.2705078125
0 0.197265625 0.4326171875 0.201171875 0.2109375
2 0.130859375 0.1630859375 0.126953125 0.1328125
3 0.037109375 0.9775390625 0.07421875 0.044921875
1 0.509765625 0.9599609375 0.1767578125 0.080078125
3 0.76171875 0.798828125 0.119140625 0.1220703125
3 0.90234375 0.6279296875 0.1513671875 0.1640625
3 0.0439453125 0.642578125 0.0859375 0.1484375
1 0.533203125 0.9736328125 0.0966796875 0.052734375
3 0.3486328125 0.5205078125 0.1376953125 0.150390625
3 0.6923828125 0.1875 0.0859375 0.091796875
3 0.5849609375 0.638671875 0.0888671875 0.0966796875
3 0.4169921875 0.6640625 0.0888671875 0.0908203125
3 0.4736328125 0.5888671875 0.1142578125 0.1220703125
3 0.2685546875 0.650390625 0.0986328125 0.095703125
3 0.068359375 0.912109375 0.091796875 0.0986328125
1 0.470703125 0.0732421875 0.150390625 0.1455078125
3 0.1318359375 0.1650390625 0.126953125 0.1279296875
2 0.8935546875 0.888671875 0.2001953125 0.193359375
3 0.986328125 0.7607421875 0.0263671875 0.1455078125
3 0.927734375 0.37890625 0.091796875 0.1015625
1 0.53515625 0.0341796875 0.169921875 0.068359375
3 0.775390625 0.978515625 0.1357421875 0.041015625
3 0.5263671875 0.681640625 0.091796875 0.083984375
3 0.7685546875 0.919921875 0.083984375 0.0810546875
3 0.962890625 0.45703125 0.0732421875 0.140625
0 0.31640625 0.1572265625 0.330078125 0.2705078125
3 0.7421875 0.8310546875 0.1689453125 0.1953125
3 0.662109375 0.7998046875 0.126953125 0.1298828125
3 0.3486328125 0.736328125 0.0517578125 0.0517578125
1 0.328125 0.6806640625 0.0703125 0.0654296875
2 0.0439453125 0.6416015625 0.087890625 0.1484375
1 0.798828125 0.02734375 0.1201171875 0.0546875
3 0.4716796875 0.072265625 0.1484375 0.1435546875
3 0.80078125 0.02734375 0.1142578125 0.0546875
3 0.427734375 0.158203125 0.115234375 0.1142578125
3 0.62890625 0.208984375 0.224609375 0.2001953125
1 0.267578125 0.6513671875 0.095703125 0.09375
3 0.828125 0.6796875 0.044921875 0.0498046875
0 0.498046875 0.65234375 0.2861328125 0.248046875
3 0.0380859375 0.1181640625 0.0751953125 0.1220703125