2 0.4892578125 0.099609375 0.134765625 0.1484375
2 0.154296875 0.2109375 0.154296875 0.1533203125
2 0.3056640625 0.30859375 0.2373046875 0.2216796875
2 0.3720703125 0.0517578125 0.1064453125 0.103515625
3 0.7998046875 0.35546875 0.1142578125 0.115234375
2 0.4892578125 0.427734375 0.1484375 0.140625
2 0.2568359375 0.6611328125 0.099609375 0.125
3 0.5224609375 0.626953125 0.1142578125 0.0908203125
1 0.6875 0.302734375 0.107421875 0.099609375
3 0.611328125 0.216796875 0.1142578125 0.115234375
1 0.9248046875 0.9150390625 0.126953125 0.126953125
3 0.4140625 0.6767578125 0.0966796875 0.1123046875
2 0.283203125 0.029296875 0.123046875 0.056640625
3 0.6943359375 0.607421875 0.2109375 0.1640625
2 0.119140625 0.1220703125 0.2373046875 0.244140625
3 0.9248046875 0.916015625 0.125 0.123046875
2 0.099609375 0.6416015625 0.1982421875 0.2626953125
3 0.7431640625 0.58984375 0.099609375 0.0966796875
2 0.1337890625 0.580078125 0.1201171875 0.1142578125
3 0.5302734375 0.3271484375 0.060546875 0.0595703125
2 0.23828125 0.4599609375 0.1484375 0.138671875
2 0.1875 0.6337890625 0.1123046875 0.119140625
3 0.3818359375 0.6708984375 0.1640625 0.1357421875
3 0.6484375 0.609375 0.1142578125 0.1064453125
1 0.828125 0.4521484375 0.087890625 0.0888671875
2 0.3212890625 0.0390625 0.220703125 0.078125
3 0.337890625 0.6494140625 0.0673828125 0.080078125