2 0.9033203125 0.318359375 0.1328125 0.1328125
3 0.21875 0.7373046875 0.158203125 0.1484375
3 0.310546875 0.552734375 0.1455078125 0.130859375
2 0.814453125 0.466796875 0.1640625 0.1826171875
3 0.0556640625 0.9677734375 0.111328125 0.064453125
3 0.158203125 0.830078125 0.1298828125 0.130859375
3 0.263671875 0.6357421875 0.1279296875 0.126953125
3 0.107421875 0.912109375 0.1484375 0.1279296875
3 0.0546875 0.533203125 0.107421875 0.1298828125
3 0.341796875 0.9365234375 0.1669921875 0.125
3 0.119140625 0.3701171875 0.142578125 0.1220703125
3 0.46484375 0.7255859375 0.1357421875 0.1279296875
2 0.9619140625 0.1240234375 0.076171875 0.248046875
3 0.0322265625 0.1396484375 0.0625 0.083984375
3 0.4609375 0.115234375 0.115234375 0.107421875
2 0.953125 0.5830078125 0.09375 0.1767578125
3 0.3935546875 0.828125 0.1826171875 0.1826171875
1 0.666015625 0.177734375 0.197265625 0.171875
3 0.25390625 0.0380859375 0.1298828125 0.076171875
2 0.8212890625 0.8154296875 0.103515625 0.09375
3 0.07421875 0.064453125 0.1484375 0.12890625
2 0.6591796875 0.951171875 0.203125 0.095703125
3 0.0205078125 0.224609375 0.041015625 0.1171875
3 0.369140625 0.404296875 0.1767578125 0.201171875
3 0.033203125 0.6201171875 0.0654296875 0.134765625
2 0.912109375 0.6630859375 0.1142578125 0.1171875
2 0.466796875 0.724609375 0.1328125 0.1279296875
3 0.7490234375 0.896484375 0.1484375 0.134765625
3 0.43359375 0.2001953125 0.126953125 0.1171875
3 0.4453125 0.158203125 0.154296875 0.203125
3 0.166015625 0.2802734375 0.0986328125 0.103515625
1 0.4423828125 0.587890625 0.1015625 0.130859375
3 0.548828125 0.5302734375 0.130859375 0.1123046875
3 0.666015625 0.951171875 0.197265625 0.0966796875
2 0.78515625 0.0361328125 0.138671875 0.0703125
3 0.2060546875 0.1025390625 0.181640625 0.15625
0 0.892578125 0.7255859375 0.208984375 0.244140625
3 0.025390625 0.3251953125 0.05078125 0.154296875
3 0.529296875 0.6220703125 0.162109375 0.1484375
2 0.591796875 0.384765625 0.2236328125 0.2451171875
3 0.9658203125 0.9384765625 0.068359375 0.123046875
3 0.173828125 0.185546875 0.1376953125 0.1064453125
2 0.904296875 0.9248046875 0.1904296875 0.150390625
3 0.431640625 0.4482421875 0.056640625 0.0517578125
3 0.017578125 0.0390625 0.0341796875 0.078125
3 0.1083984375 0.408203125 0.173828125 0.2001953125
3 0.2353515625 0.9736328125 0.126953125 0.052734375
0 0.5478515625 0.482421875 0.3466796875 0.443359375
3 0.6025390625 0.33984375 0.189453125 0.1533203125
3 0.08984375 0.44921875 0.134765625 0.115234375
3 0.4091796875 0.27734375 0.1357421875 0.107421875