1 0.6943359375 0.197265625 0.1767578125 0.1826171875
3 0.8662109375 0.23046875 0.0654296875 0.052734375
1 0.9130859375 0.166015625 0.056640625 0.068359375
3 0.841796875 0.166015625 0.0888671875 0.0732421875
1 0.9384765625 0.0625 0.123046875 0.125
3 0.09765625 0.615234375 0.126953125 0.134765625
3 0.921875 0.8759765625 0.0625 0.0654296875
1 0.6552734375 0.1904296875 0.0859375 0.119140625
3 0.9140625 0.16796875 0.052734375 0.0654296875
1 0.8427734375 0.166015625 0.0859375 0.0732421875
3 0.9384765625 0.0634765625 0.123046875 0.125
0 0.0380859375 0.876953125 0.076171875 0.244140625