3 0.330078125 0.69921875 0.181640625 0.1640625
3 0.619140625 0.65625 0.1591796875 0.1484375
3 0.7119140625 0.806640625 0.15625 0.142578125
3 0.1259765625 0.662109375 0.171875 0.1513671875
3 0.44921875 0.26953125 0.154296875 0.1298828125
3 0.4130859375 0.1923828125 0.154296875 0.1279296875
3 0.8359375 0.701171875 0.1611328125 0.1591796875
3 0.1181640625 0.1552734375 0.146484375 0.1220703125
3 0.205078125 0.822265625 0.185546875 0.1669921875
3 0.5380859375 0.5068359375 0.1376953125 0.1171875
3 0.5107421875 0.427734375 0.154296875 0.1357421875
3 0.5751953125 0.580078125 0.1513671875 0.1279296875
3 0.2470703125 0.521484375 0.1845703125 0.1640625
3 0.4462890625 0.8447265625 0.1376953125 0.1455078125
3 0.060546875 0.5087890625 0.12109375 0.123046875
3 0.2353515625 0.919921875 0.146484375 0.138671875
3 0.662109375 0.37109375 0.1298828125 0.1142578125
3 0.8828125 0.2919921875 0.130859375 0.1171875
3 0.0791015625 0.591796875 0.1298828125 0.1123046875
3 0.1689453125 0.2431640625 0.1298828125 0.1279296875
3 0.642578125 0.2861328125 0.111328125 0.107421875
3 0.3095703125 0.6025390625 0.126953125 0.1171875
3 0.78125 0.619140625 0.142578125 0.126953125
3 0.064453125 0.3994140625 0.1279296875 0.1591796875
3 0.6650390625 0.7353515625 0.1376953125 0.1220703125
3 0.392578125 0.779296875 0.150390625 0.1455078125
3 0.328125 0.0498046875 0.111328125 0.099609375
3 0.8203125 0.138671875 0.1298828125 0.119140625
3 0.2998046875 0.951171875 0.138671875 0.0966796875
3 0.20703125 0.4287109375 0.185546875 0.1484375
3 0.4736328125 0.345703125 0.146484375 0.125
3 0.9443359375 0.462890625 0.111328125 0.134765625
3 0.7041015625 0.4462890625 0.1142578125 0.109375
3 0.490234375 0.9326171875 0.0966796875 0.091796875
3 0.962890625 0.1103515625 0.072265625 0.0966796875
3 0.3623046875 0.1318359375 0.0966796875 0.095703125
3 0.150390625 0.748046875 0.126953125 0.109375
3 0.091796875 0.05859375 0.1220703125 0.115234375
3 0.916015625 0.3564453125 0.1044921875 0.0859375
3 0.7177734375 0.537109375 0.1640625 0.142578125
3 0.541015625 0.056640625 0.1015625 0.1044921875
3 0.6064453125 0.201171875 0.09375 0.083984375
3 0.5498046875 0.962890625 0.1826171875 0.0732421875
3 0.7724609375 0.8759765625 0.119140625 0.1279296875
3 0.85546875 0.208984375 0.123046875 0.1064453125
3 0.0224609375 0.328125 0.044921875 0.126953125
3 0.185546875 0.3271484375 0.1435546875 0.119140625
3 0.57421875 0.1318359375 0.103515625 0.099609375
3 0.505859375 0.0126953125 0.1064453125 0.025390625
3 0.97265625 0.533203125 0.0546875 0.158203125
3 0.3037109375 0.009765625 0.1171875 0.017578125
3 0.912109375 0.77734375 0.1435546875 0.142578125
1 0.7802734375 0.8916015625 0.1513671875 0.162109375
3 0.9248046875 0.375 0.138671875 0.138671875
3 0.0712890625 0.072265625 0.0703125 0.078125
3 0.029296875 0.0244140625 0.0576171875 0.048828125
3 0.908203125 0.75390625 0.09375 0.0888671875
3 0.951171875 0.982421875 0.095703125 0.0341796875
3 0.3525390625 0.9794921875 0.126953125 0.041015625
1 0.810546875 0.931640625 0.0888671875 0.080078125
3 0.7353515625 0.017578125 0.1513671875 0.0341796875
3 0.888671875 0.849609375 0.076171875 0.072265625
3 0.177734375 0.2802734375 0.169921875 0.216796875