3 0.3583984375 0.0625 0.146484375 0.125
3 0.2490234375 0.515625 0.126953125 0.119140625
3 0.169921875 0.251953125 0.119140625 0.1171875
3 0.0693359375 0.068359375 0.138671875 0.1357421875
3 0.740234375 0.8701171875 0.1376953125 0.134765625
3 0.4052734375 0.3056640625 0.111328125 0.107421875
3 0.1220703125 0.32421875 0.109375 0.107421875
3 0.2783203125 0.115234375 0.1201171875 0.1201171875
3 0.677734375 0.935546875 0.1015625 0.099609375
3 0.55078125 0.072265625 0.1123046875 0.1201171875
3 0.2978515625 0.44921875 0.1328125 0.1171875
3 0.904296875 0.23046875 0.125 0.119140625
3 0.927734375 0.587890625 0.107421875 0.109375
3 0.044921875 0.4755859375 0.08984375 0.115234375
3 0.4990234375 0.162109375 0.1044921875 0.1064453125
3 0.365234375 0.376953125 0.123046875 0.1171875
3 0.5810546875 0.75 0.1015625 0.103515625
3 0.7373046875 0.09765625 0.1220703125 0.1376953125
3 0.724609375 0.546875 0.119140625 0.1220703125
3 0.505859375 0.498046875 0.1220703125 0.1220703125
3 0.455078125 0.568359375 0.115234375 0.1171875
3 0.638671875 0.6865234375 0.1044921875 0.099609375
3 0.3662109375 0.7109375 0.1513671875 0.1513671875
3 0.3046875 0.33984375 0.091796875 0.0966796875
3 0.8095703125 0.8173828125 0.134765625 0.1376953125
3 0.4130859375 0.62890625 0.134765625 0.1298828125
3 0.076171875 0.390625 0.1220703125 0.119140625
3 0.130859375 0.0302734375 0.09375 0.060546875
3 0.88671875 0.9619140625 0.130859375 0.076171875
3 0.6630859375 0.291015625 0.1279296875 0.126953125
3 0.9384765625 0.9013671875 0.123046875 0.1328125
3 0.970703125 0.267578125 0.0576171875 0.111328125
3 0.9638671875 0.83984375 0.072265625 0.125
3 0.646484375 0.0693359375 0.130859375 0.138671875
3 0.048828125 0.8125 0.0966796875 0.1171875
3 0.0732421875 0.7373046875 0.130859375 0.109375
3 0.794921875 0.1611328125 0.115234375 0.107421875
3 0.423828125 0.962890625 0.1298828125 0.0732421875
3 0.201171875 0.5849609375 0.111328125 0.1044921875
3 0.978515625 0.3466796875 0.041015625 0.107421875
3 0.8173828125 0.4296875 0.1953125 0.208984375
3 0.564453125 0.4384765625 0.0966796875 0.0986328125
3 0.0390625 0.1474609375 0.078125 0.1064453125
3 0.853515625 0.697265625 0.1982421875 0.1953125
3 0.224609375 0.1689453125 0.095703125 0.0908203125
1 0.50390625 0.8212890625 0.1435546875 0.150390625
3 0.9609375 0.521484375 0.078125 0.1220703125
3 0.228515625 0.2978515625 0.103515625 0.107421875
1 0.38671875 0.181640625 0.068359375 0.0703125
3 0.021484375 0.892578125 0.0419921875 0.1279296875
3 0.9775390625 0.0654296875 0.044921875 0.107421875
3 0.802734375 0.701171875 0.1015625 0.111328125
3 0.408203125 0.017578125 0.1220703125 0.0341796875
3 0.3515625 0.9345703125 0.1123046875 0.1220703125
3 0.44921875 0.23046875 0.1376953125 0.142578125
3 0.7841796875 0.470703125 0.1015625 0.1044921875
3 0.607421875 0.357421875 0.0908203125 0.083984375
3 0.826171875 0.9521484375 0.076171875 0.080078125
3 0.876953125 0.662109375 0.1220703125 0.1171875
3 0.24609375 0.8671875 0.1279296875 0.1220703125
3 0.138671875 0.970703125 0.125 0.0576171875
3 0.671875 0.6103515625 0.1142578125 0.1064453125
1 0.2470703125 0.869140625 0.126953125 0.1201171875
3 0.916015625 0.0283203125 0.1220703125 0.056640625
3 0.6572265625 0.505859375 0.0908203125 0.0908203125
3 0.9287109375 0.0126953125 0.0810546875 0.025390625
3 0.009765625 0.208984375 0.0185546875 0.0986328125
3 0.193359375 0.9306640625 0.123046875 0.1201171875
3 0.025390625 0.3310546875 0.05078125 0.103515625
3 0.4248046875 0.2041015625 0.0732421875 0.076171875
3 0.056640625 0.6064453125 0.111328125 0.125
3 0.6259765625 0.564453125 0.0517578125 0.0546875
3 0.009765625 0.6650390625 0.01953125 0.115234375
3 0.9912109375 0.4501953125 0.017578125 0.1142578125
3 0.904296875 0.017578125 0.0888671875 0.0341796875