3 0.177734375 0.0634765625 0.1513671875 0.126953125
3 0.5888671875 0.166015625 0.171875 0.173828125
3 0.349609375 0.294921875 0.1767578125 0.185546875
3 0.3037109375 0.0419921875 0.150390625 0.0830078125
3 0.6884765625 0.083984375 0.1796875 0.1669921875
2 0.0478515625 0.53515625 0.09375 0.15625
3 0.0712890625 0.103515625 0.140625 0.1669921875
3 0.810546875 0.0498046875 0.158203125 0.099609375
3 0.232421875 0.3623046875 0.185546875 0.189453125
3 0.126953125 0.4462890625 0.15625 0.1669921875
3 0.484375 0.248046875 0.193359375 0.1845703125
3 0.0478515625 0.537109375 0.09375 0.158203125
1 0.7529296875 0.9638671875 0.1689453125 0.0703125
0 0.392578125 0.5966796875 0.7421875 0.4921875
3 0.1220703125 0.0205078125 0.1357421875 0.041015625
2 0.361328125 0.59375 0.72265625 0.49609375
0 0.779296875 0.3603515625 0.291015625 0.330078125
3 0.779296875 0.3095703125 0.283203125 0.21875
3 0.0361328125 0.171875 0.0703125 0.1591796875
3 0.8046875 0.443359375 0.154296875 0.154296875
2 0.806640625 0.4404296875 0.15625 0.1611328125
3 0.416015625 0.216796875 0.078125 0.0810546875
3 0.3095703125 0.4423828125 0.109375 0.099609375