3 0.9267578125 0.923828125 0.1455078125 0.1484375
3 0.6494140625 0.876953125 0.1455078125 0.138671875
3 0.1484375 0.255859375 0.140625 0.1376953125
3 0.5849609375 0.9404296875 0.1328125 0.1171875
3 0.9267578125 0.0849609375 0.138671875 0.142578125
3 0.7783203125 0.740234375 0.138671875 0.1298828125
3 0.6240234375 0.3232421875 0.1455078125 0.1357421875
3 0.60546875 0.13671875 0.1328125 0.1279296875
3 0.3818359375 0.5771484375 0.140625 0.1376953125
3 0.85546875 0.689453125 0.1220703125 0.1142578125
3 0.755859375 0.55078125 0.134765625 0.134765625
3 0.8095703125 0.4814453125 0.1142578125 0.109375
3 0.576171875 0.392578125 0.1171875 0.1123046875
3 0.5625 0.734375 0.1201171875 0.1201171875
3 0.287109375 0.453125 0.130859375 0.1279296875
3 0.775390625 0.205078125 0.125 0.1279296875
3 0.712890625 0.810546875 0.1376953125 0.134765625
3 0.6328125 0.6689453125 0.140625 0.1357421875
3 0.349609375 0.3896484375 0.1279296875 0.130859375
3 0.4111328125 0.322265625 0.140625 0.1357421875
3 0.2626953125 0.720703125 0.134765625 0.1298828125
3 0.5380859375 0.197265625 0.1376953125 0.1376953125
3 0.158203125 0.0546875 0.125 0.109375
3 0.7060546875 0.2666015625 0.125 0.126953125
3 0.447265625 0.513671875 0.125 0.119140625
3 0.2119140625 0.205078125 0.111328125 0.1123046875
3 0.6904296875 0.615234375 0.134765625 0.140625
3 0.884765625 0.423828125 0.126953125 0.1298828125
3 0.376953125 0.9375 0.130859375 0.123046875
3 0.94140625 0.37109375 0.1171875 0.1435546875
3 0.9296875 0.6142578125 0.091796875 0.09375
3 0.1083984375 0.654296875 0.130859375 0.126953125
3 0.7333984375 0.044921875 0.1220703125 0.0888671875
3 0.330078125 0.6513671875 0.1201171875 0.125
3 0.671875 0.078125 0.1455078125 0.142578125
3 0.4677734375 0.251953125 0.111328125 0.111328125
3 0.10546875 0.09765625 0.1376953125 0.142578125
3 0.0478515625 0.14453125 0.095703125 0.1171875
3 0.958984375 0.85546875 0.0810546875 0.125
3 0.1806640625 0.7880859375 0.1533203125 0.140625
3 0.853515625 0.9599609375 0.111328125 0.080078125
3 0.17578125 0.595703125 0.1328125 0.134765625
3 0.509765625 0.9697265625 0.123046875 0.060546875
3 0.513671875 0.453125 0.107421875 0.1142578125
3 0.06640625 0.7265625 0.1328125 0.1376953125
3 0.2744140625 0.1484375 0.095703125 0.0966796875
3 0.837890625 0.1591796875 0.099609375 0.109375
3 0.501953125 0.794921875 0.1201171875 0.123046875
3 0.099609375 0.3330078125 0.1220703125 0.1201171875
3 0.0361328125 0.396484375 0.072265625 0.087890625
3 0.4189453125 0.849609375 0.1044921875 0.1064453125
3 0.0625 0.9619140625 0.12109375 0.076171875
3 0.236328125 0.5234375 0.1435546875 0.1455078125
3 0.306640625 0.0546875 0.087890625 0.083984375
3 0.9814453125 0.30078125 0.037109375 0.140625
3 0.228515625 0.0322265625 0.146484375 0.0625
3 0.349609375 0.095703125 0.1123046875 0.119140625
3 0.0224609375 0.458984375 0.044921875 0.1201171875
1 0.3955078125 0.037109375 0.0859375 0.072265625
3 0.96484375 0.5380859375 0.068359375 0.107421875
3 0.97265625 0.0478515625 0.0546875 0.095703125
3 0.47265625 0.8798828125 0.099609375 0.099609375
3 0.029296875 0.23046875 0.05859375 0.14453125
3 0.455078125 0.0146484375 0.1279296875 0.029296875
3 0.443359375 0.869140625 0.158203125 0.1455078125
1 0.025390625 0.9365234375 0.05078125 0.126953125
3 0.0263671875 0.935546875 0.0517578125 0.126953125
3 0.015625 0.205078125 0.03125 0.107421875
3 0.8642578125 0.5341796875 0.0419921875 0.0439453125
3 0.9921875 0.791015625 0.015625 0.142578125
3 0.216796875 0.0087890625 0.1376953125 0.017578125
3 0.966796875 0.5830078125 0.064453125 0.0673828125
1 0.470703125 0.400390625 0.068359375 0.0673828125
3 0.21875 0.5205078125 0.103515625 0.0908203125
1 0.0458984375 0.2900390625 0.083984375 0.083984375
3 0.986328125 0.458984375 0.0263671875 0.1142578125