2 0.345703125 0.9462890625 0.15234375 0.107421875
2 0.25390625 0.763671875 0.1171875 0.146484375
2 0.951171875 0.744140625 0.0966796875 0.2001953125
2 0.3896484375 0.798828125 0.15625 0.1279296875
2 0.091796875 0.0966796875 0.1826171875 0.193359375
2 0.6455078125 0.783203125 0.1376953125 0.1201171875
2 0.03515625 0.35546875 0.068359375 0.205078125
2 0.9111328125 0.943359375 0.1015625 0.1123046875
2 0.9267578125 0.14453125 0.146484375 0.2890625
2 0.041015625 0.9677734375 0.08203125 0.060546875
2 0.451171875 0.6484375 0.1435546875 0.1328125
2 0.783203125 0.6474609375 0.3779296875 0.3017578125
2 0.3896484375 0.8857421875 0.091796875 0.0810546875
0 0.3271484375 0.505859375 0.177734375 0.2265625
2 0.318359375 0.1142578125 0.2861328125 0.228515625
3 0.4541015625 0.5205078125 0.091796875 0.126953125
0 0.044921875 0.666015625 0.0888671875 0.166015625
2 0.0458984375 0.6630859375 0.091796875 0.166015625
2 0.34375 0.455078125 0.130859375 0.109375
0 0.9248046875 0.142578125 0.150390625 0.28515625
2 0.7880859375 0.126953125 0.2392578125 0.251953125
2 0.533203125 0.533203125 0.09375 0.109375
2 0.9736328125 0.9462890625 0.048828125 0.107421875
3 0.3447265625 0.451171875 0.130859375 0.111328125
2 0.68359375 0.037109375 0.083984375 0.0732421875
2 0.310546875 0.5439453125 0.140625 0.1435546875
2 0.455078125 0.517578125 0.095703125 0.126953125
0 0.802734375 0.6484375 0.3408203125 0.2861328125
3 0.533203125 0.5361328125 0.091796875 0.1064453125
0 0.8291015625 0.1494140625 0.341796875 0.298828125