2 0.1630859375 0.3359375 0.1357421875 0.1298828125
2 0.0576171875 0.41015625 0.115234375 0.1142578125
2 0.0927734375 0.662109375 0.125 0.1142578125
1 0.962890625 0.056640625 0.0732421875 0.0966796875
2 0.533203125 0.6025390625 0.220703125 0.2373046875
1 0.912109375 0.0810546875 0.0888671875 0.1064453125
1 0.5244140625 0.029296875 0.091796875 0.05859375
2 0.6435546875 0.9404296875 0.2314453125 0.119140625
2 0.23828125 0.41015625 0.0986328125 0.0888671875
3 0.650390625 0.16796875 0.1015625 0.1015625
0 0.173828125 0.9189453125 0.240234375 0.162109375
1 0.2861328125 0.28125 0.109375 0.0966796875
3 0.775390625 0.1904296875 0.1357421875 0.1533203125
0 0.4345703125 0.369140625 0.3046875 0.294921875
2 0.060546875 0.6025390625 0.103515625 0.0986328125
2 0.0302734375 0.072265625 0.060546875 0.103515625
2 0.029296875 0.5654296875 0.056640625 0.1279296875
2 0.064453125 0.3017578125 0.1044921875 0.0966796875
1 0.646484375 0.3984375 0.072265625 0.068359375
2 0.40234375 0.79296875 0.107421875 0.1142578125
2 0.9267578125 0.19140625 0.0888671875 0.0810546875
3 0.47265625 0.087890625 0.099609375 0.0966796875
2 0.70703125 0.478515625 0.1279296875 0.158203125
1 0.6162109375 0.025390625 0.083984375 0.05078125
3 0.5615234375 0.1201171875 0.0810546875 0.0908203125
1 0.380859375 0.607421875 0.078125 0.0732421875
1 0.7724609375 0.19140625 0.138671875 0.15625
1 0.697265625 0.046875 0.103515625 0.09375
2 0.228515625 0.173828125 0.0908203125 0.0830078125
0 0.888671875 0.2958984375 0.216796875 0.279296875
2 0.8583984375 0.125 0.103515625 0.1044921875
2 0.283203125 0.205078125 0.1611328125 0.142578125
2 0.3212890625 0.3271484375 0.0810546875 0.078125
1 0.158203125 0.716796875 0.0908203125 0.080078125
2 0.42578125 0.5087890625 0.095703125 0.087890625
0 0.076171875 0.1376953125 0.15234375 0.255859375
3 0.322265625 0.3271484375 0.083984375 0.078125
2 0.2666015625 0.4638671875 0.1064453125 0.0966796875
3 0.6435546875 0.3330078125 0.0986328125 0.09375
0 0.212890625 0.51953125 0.2939453125 0.2548828125
3 0.8583984375 0.125 0.103515625 0.1044921875
3 0.380859375 0.0205078125 0.0908203125 0.041015625
2 0.310546875 0.517578125 0.095703125 0.095703125
1 0.08984375 0.173828125 0.1328125 0.1328125
0 0.0439453125 0.228515625 0.0859375 0.126953125
2 0.2744140625 0.5068359375 0.173828125 0.185546875
0 0.3759765625 0.7666015625 0.1591796875 0.173828125
3 0.4306640625 0.044921875 0.056640625 0.056640625
1 0.76171875 0.025390625 0.0966796875 0.0498046875
2 0.2001953125 0.1142578125 0.1171875 0.107421875
2 0.958984375 0.2587890625 0.080078125 0.138671875
3 0.697265625 0.046875 0.103515625 0.09375
2 0.966796875 0.544921875 0.0654296875 0.1591796875
1 0.4365234375 0.2373046875 0.0888671875 0.0830078125
1 0.34765625 0.564453125 0.087890625 0.0830078125
3 0.85546875 0.228515625 0.0908203125 0.091796875
2 0.779296875 0.4384765625 0.1015625 0.1015625
1 0.83203125 0.4013671875 0.123046875 0.1220703125
3 0.2099609375 0.1083984375 0.1376953125 0.119140625
1 0.9140625 0.298828125 0.1064453125 0.107421875
1 0.779296875 0.4384765625 0.103515625 0.1015625
3 0.763671875 0.154296875 0.080078125 0.0751953125
0 0.0947265625 0.169921875 0.125 0.1357421875
2 0.353515625 0.732421875 0.099609375 0.095703125
1 0.984375 0.09765625 0.03125 0.150390625
3 0.986328125 0.119140625 0.0263671875 0.115234375
1 0.2041015625 0.052734375 0.2080078125 0.103515625
2 0.14453125 0.4951171875 0.138671875 0.142578125
3 0.2548828125 0.0244140625 0.099609375 0.048828125
2 0.306640625 0.6875 0.0966796875 0.09375
3 0.9853515625 0.0302734375 0.029296875 0.060546875
2 0.314453125 0.18359375 0.09375 0.09375
0 0.64453125 0.359375 0.115234375 0.1533203125
2 0.0439453125 0.2314453125 0.0859375 0.123046875
2 0.9853515625 0.1142578125 0.029296875 0.111328125
1 0.490234375 0.3134765625 0.171875 0.171875
0 0.28515625 0.212890625 0.15625 0.1513671875
1 0.7724609375 0.013671875 0.1142578125 0.0263671875
1 0.986328125 0.0390625 0.025390625 0.078125
0 0.205078125 0.0556640625 0.2060546875 0.109375
2 0.3798828125 0.763671875 0.154296875 0.1748046875