2 0.1591796875 0.8408203125 0.1533203125 0.150390625
2 0.490234375 0.3056640625 0.103515625 0.103515625
2 0.3935546875 0.208984375 0.099609375 0.1044921875
2 0.373046875 0.658203125 0.1201171875 0.126953125
1 0.0634765625 0.1123046875 0.0986328125 0.091796875
1 0.4697265625 0.111328125 0.166015625 0.1513671875
2 0.1083984375 0.728515625 0.076171875 0.072265625
2 0.177734375 0.2080078125 0.09375 0.091796875
2 0.2529296875 0.16015625 0.09375 0.0888671875
2 0.0693359375 0.9130859375 0.107421875 0.1220703125
2 0.5458984375 0.22265625 0.080078125 0.080078125
2 0.830078125 0.1923828125 0.1123046875 0.107421875
2 0.12109375 0.1552734375 0.0908203125 0.0859375
2 0.0458984375 0.6728515625 0.0908203125 0.140625
2 0.9462890625 0.115234375 0.107421875 0.140625
2 0.294921875 0.521484375 0.1689453125 0.1611328125
2 0.837890625 0.8642578125 0.3076171875 0.271484375
2 0.724609375 0.962890625 0.1484375 0.0732421875
2 0.216796875 0.060546875 0.0888671875 0.0859375
1 0.615234375 0.091796875 0.0908203125 0.0908203125
2 0.287109375 0.4970703125 0.1064453125 0.107421875
2 0.220703125 0.2607421875 0.1015625 0.099609375
2 0.7177734375 0.052734375 0.095703125 0.09375
2 0.0302734375 0.513671875 0.060546875 0.0986328125
2 0.5048828125 0.564453125 0.1123046875 0.119140625
2 0.896484375 0.2353515625 0.1044921875 0.099609375
1 0.705078125 0.1767578125 0.09375 0.099609375
2 0.5625 0.455078125 0.103515625 0.107421875
0 0.46875 0.1123046875 0.166015625 0.1533203125
1 0.2978515625 0.109375 0.1171875 0.1064453125
2 0.166015625 0.646484375 0.1044921875 0.107421875
1 0.5595703125 0.046875 0.140625 0.09375
0 0.3642578125 0.380859375 0.162109375 0.1796875
2 0.041015625 0.232421875 0.08203125 0.09375
0 0.2900390625 0.52734375 0.1796875 0.1591796875
0 0.203125 0.080078125 0.1201171875 0.130859375
2 0.642578125 0.2216796875 0.0966796875 0.09375
0 0.681640625 0.341796875 0.2060546875 0.173828125
2 0.115234375 0.302734375 0.0908203125 0.087890625
1 0.6298828125 0.3125 0.0888671875 0.0888671875
0 0.9033203125 0.0830078125 0.193359375 0.166015625
2 0.55859375 0.046875 0.138671875 0.09375
2 0.021484375 0.6494140625 0.04296875 0.087890625
2 0.1884765625 0.8134765625 0.083984375 0.0830078125
2 0.384765625 0.4228515625 0.099609375 0.091796875
2 0.2021484375 0.080078125 0.1171875 0.1298828125
2 0.26953125 0.7412109375 0.099609375 0.1064453125
2 0.169921875 0.4853515625 0.0966796875 0.0966796875
0 0.2998046875 0.7197265625 0.1689453125 0.15625
0 0.037109375 0.046875 0.0732421875 0.091796875
2 0.8154296875 0.01953125 0.09375 0.0390625
2 0.435546875 0.486328125 0.0546875 0.0546875
0 0.09765625 0.462890625 0.1044921875 0.1279296875
0 0.158203125 0.5029296875 0.130859375 0.1455078125
0 0.8212890625 0.212890625 0.1748046875 0.150390625
2 0.298828125 0.720703125 0.166015625 0.15625
2 0.357421875 0.3515625 0.134765625 0.130859375
3 0.3837890625 0.4228515625 0.099609375 0.0888671875
0 0.755859375 0.08203125 0.181640625 0.162109375
2 0.5439453125 0.361328125 0.0830078125 0.078125
0 0.0517578125 0.0810546875 0.103515625 0.1611328125
0 0.201171875 0.41015625 0.140625 0.1201171875
0 0.642578125 0.220703125 0.099609375 0.0966796875
1 0.23828125 0.7783203125 0.064453125 0.0703125
3 0.814453125 0.021484375 0.1064453125 0.041015625