1 0.5908203125 0.1142578125 0.1376953125 0.1767578125
1 0.595703125 0.0732421875 0.0810546875 0.0830078125
1 0.60546875 0.2314453125 0.068359375 0.0703125
1 0.732421875 0.072265625 0.146484375 0.1435546875
1 0.724609375 0.2509765625 0.0732421875 0.0576171875
3 0.708984375 0.091796875 0.0966796875 0.0908203125
1 0.732421875 0.240234375 0.0986328125 0.0859375
1 0.517578125 0.0390625 0.123046875 0.078125
3 0.9697265625 0.876953125 0.060546875 0.10546875
1 0.8212890625 0.1279296875 0.072265625 0.072265625
1 0.970703125 0.8759765625 0.0576171875 0.1123046875