3 0.501953125 0.623046875 0.1123046875 0.115234375
3 0.9248046875 0.783203125 0.1123046875 0.1123046875
3 0.2138671875 0.841796875 0.138671875 0.150390625
3 0.3564453125 0.9501953125 0.134765625 0.0986328125
3 0.2333984375 0.58984375 0.0859375 0.0810546875
3 0.625 0.67578125 0.095703125 0.115234375
3 0.2734375 0.8974609375 0.1611328125 0.158203125
1 0.61328125 0.359375 0.173828125 0.1875
3 0.2109375 0.7119140625 0.1064453125 0.1123046875
3 0.8193359375 0.7744140625 0.09375 0.0810546875
3 0.9287109375 0.953125 0.115234375 0.09375
1 0.04296875 0.1416015625 0.083984375 0.130859375
2 0.578125 0.0859375 0.158203125 0.1669921875
3 0.1357421875 0.6982421875 0.140625 0.15625
3 0.193359375 0.330078125 0.1298828125 0.125
3 0.2841796875 0.1748046875 0.181640625 0.150390625
3 0.0830078125 0.9736328125 0.123046875 0.052734375
3 0.4755859375 0.4140625 0.1201171875 0.1015625
3 0.2294921875 0.234375 0.109375 0.072265625
1 0.853515625 0.61328125 0.109375 0.103515625
3 0.0380859375 0.947265625 0.076171875 0.1044921875
3 0.060546875 0.658203125 0.1201171875 0.2080078125
3 0.716796875 0.3798828125 0.1171875 0.1376953125
1 0.7822265625 0.2109375 0.1064453125 0.107421875
3 0.79296875 0.455078125 0.119140625 0.1123046875
3 0.962890625 0.6904296875 0.0732421875 0.076171875
1 0.861328125 0.2900390625 0.107421875 0.1220703125
3 0.390625 0.068359375 0.1455078125 0.1357421875
3 0.1162109375 0.53125 0.193359375 0.1904296875
3 0.857421875 0.1650390625 0.091796875 0.091796875
1 0.0390625 0.943359375 0.078125 0.111328125
3 0.2978515625 0.0595703125 0.130859375 0.119140625
0 0.8154296875 0.17578125 0.1904296875 0.193359375
1 0.458984375 0.9453125 0.1142578125 0.107421875
3 0.9775390625 0.5244140625 0.044921875 0.111328125
3 0.1533203125 0.416015625 0.123046875 0.109375
3 0.896484375 0.033203125 0.130859375 0.0654296875
3 0.0419921875 0.142578125 0.083984375 0.1298828125
1 0.892578125 0.03515625 0.1669921875 0.0703125
3 0.029296875 0.0283203125 0.0576171875 0.056640625
3 0.287109375 0.3037109375 0.056640625 0.0576171875