3 0.623046875 0.51953125 0.1435546875 0.134765625
3 0.4990234375 0.580078125 0.134765625 0.1845703125
1 0.0185546875 0.35546875 0.037109375 0.1123046875
3 0.2490234375 0.5244140625 0.150390625 0.142578125
3 0.3466796875 0.9736328125 0.115234375 0.052734375
1 0.341796875 0.041015625 0.119140625 0.0810546875
3 0.408203125 0.5205078125 0.1640625 0.2158203125
3 0.3818359375 0.5654296875 0.1064453125 0.1220703125
3 0.5361328125 0.919921875 0.0830078125 0.0986328125
3 0.3408203125 0.041015625 0.119140625 0.08203125
3 0.1787109375 0.5185546875 0.2998046875 0.1982421875
1 0.1083984375 0.6357421875 0.0498046875 0.0517578125
3 0.4814453125 0.6455078125 0.0830078125 0.0517578125
1 0.1005859375 0.5419921875 0.1142578125 0.1142578125