1 0.9140625 0.845703125 0.099609375 0.111328125
1 0.9453125 0.7294921875 0.109375 0.09375
1 0.7412109375 0.39453125 0.060546875 0.1123046875
1 0.9384765625 0.634765625 0.1123046875 0.1044921875
3 0.359375 0.1328125 0.078125 0.068359375
3 0.41015625 0.208984375 0.078125 0.0810546875
1 0.740234375 0.064453125 0.0986328125 0.09375
1 0.603515625 0.3349609375 0.1201171875 0.130859375
1 0.8974609375 0.3759765625 0.1845703125 0.146484375
0 0.115234375 0.4794921875 0.2294921875 0.28125
3 0.7587890625 0.7998046875 0.0859375 0.1142578125
3 0.087890625 0.400390625 0.0751953125 0.1044921875
3 0.8916015625 0.4794921875 0.080078125 0.064453125
1 0.8828125 0.5517578125 0.0966796875 0.0830078125
3 0.6044921875 0.333984375 0.1201171875 0.130859375
3 0.740234375 0.0634765625 0.0986328125 0.0966796875
1 0.9794921875 0.8779296875 0.0390625 0.1298828125
1 0.6953125 0.021484375 0.1611328125 0.0419921875