3 0.5029296875 0.5703125 0.162109375 0.1669921875
3 0.5673828125 0.876953125 0.158203125 0.1484375
3 0.38671875 0.689453125 0.142578125 0.142578125
3 0.5595703125 0.6533203125 0.15625 0.1533203125
3 0.9443359375 0.10546875 0.111328125 0.1171875
3 0.71484375 0.2236328125 0.146484375 0.146484375
3 0.099609375 0.9345703125 0.1435546875 0.1298828125
3 0.6025390625 0.9462890625 0.123046875 0.107421875
3 0.7451171875 0.845703125 0.125 0.119140625
3 0.328125 0.615234375 0.1435546875 0.1513671875
3 0.3359375 0.947265625 0.140625 0.103515625
3 0.22265625 0.830078125 0.1123046875 0.111328125
3 0.9384765625 0.4716796875 0.123046875 0.150390625
3 0.30078125 0.388671875 0.1435546875 0.1455078125
3 0.431640625 0.7607421875 0.1171875 0.1171875
3 0.0439453125 0.8876953125 0.0859375 0.111328125
3 0.595703125 0.078125 0.1533203125 0.1533203125
3 0.837890625 0.2626953125 0.1064453125 0.130859375
3 0.685546875 0.783203125 0.125 0.119140625
3 0.203125 0.509765625 0.1201171875 0.119140625
3 0.4501953125 0.498046875 0.107421875 0.1064453125
3 0.119140625 0.439453125 0.0908203125 0.0888671875
3 0.228515625 0.318359375 0.1513671875 0.158203125
3 0.662109375 0.13671875 0.1220703125 0.125
3 0.509765625 0.810546875 0.1328125 0.134765625
3 0.5244140625 0.0478515625 0.150390625 0.09375
3 0.59765625 0.291015625 0.1533203125 0.1640625
3 0.86328125 0.560546875 0.166015625 0.1591796875
3 0.0341796875 0.6220703125 0.068359375 0.115234375
3 0.0830078125 0.716796875 0.1484375 0.150390625
3 0.1025390625 0.181640625 0.107421875 0.1064453125
3 0.388671875 0.443359375 0.1123046875 0.1044921875
3 0.138671875 0.775390625 0.138671875 0.138671875
3 0.7978515625 0.4912109375 0.1298828125 0.1376953125
3 0.064453125 0.376953125 0.1279296875 0.146484375
3 0.9228515625 0.6455078125 0.1533203125 0.15625
3 0.150390625 0.2646484375 0.158203125 0.1669921875
2 0.443359375 0.142578125 0.1376953125 0.142578125
3 0.2509765625 0.572265625 0.0966796875 0.09375
2 0.9228515625 0.64453125 0.154296875 0.15234375
3 0.1552734375 0.974609375 0.134765625 0.0498046875
3 0.8974609375 0.1650390625 0.0986328125 0.103515625
3 0.701171875 0.9697265625 0.134765625 0.060546875
3 0.7158203125 0.4345703125 0.1279296875 0.125
1 0.2783203125 0.8916015625 0.126953125 0.1298828125
2 0.26171875 0.033203125 0.1376953125 0.0654296875
3 0.6201171875 0.716796875 0.1435546875 0.142578125
3 0.900390625 0.388671875 0.119140625 0.1220703125
3 0.943359375 0.2373046875 0.0751953125 0.068359375
3 0.44140625 0.1416015625 0.1376953125 0.146484375
3 0.9814453125 0.0400390625 0.037109375 0.080078125
3 0.046875 0.126953125 0.091796875 0.111328125
3 0.759765625 0.9501953125 0.0986328125 0.099609375
3 0.0234375 0.318359375 0.046875 0.1220703125
3 0.8154296875 0.9111328125 0.125 0.1142578125
3 0.9580078125 0.7314453125 0.083984375 0.173828125
2 0.716796875 0.4326171875 0.1298828125 0.125
3 0.525390625 0.2109375 0.158203125 0.150390625
3 0.990234375 0.525390625 0.017578125 0.138671875
1 0.525390625 0.208984375 0.1611328125 0.1533203125
1 0.619140625 0.716796875 0.1435546875 0.138671875
3 0.802734375 0.9228515625 0.1875 0.154296875
2 0.9580078125 0.73046875 0.083984375 0.17578125
3 0.0146484375 0.076171875 0.029296875 0.1279296875
3 0.01171875 0.8427734375 0.0234375 0.126953125
3 0.388671875 0.984375 0.1279296875 0.03125
3 0.279296875 0.888671875 0.126953125 0.1220703125
1 0.3466796875 0.4951171875 0.0966796875 0.0908203125
3 0.9013671875 0.3720703125 0.091796875 0.076171875
3 0.9814453125 0.1650390625 0.0361328125 0.1376953125
3 0.8740234375 0.9775390625 0.107421875 0.044921875
3 0.6376953125 0.9892578125 0.091796875 0.021484375
3 0.232421875 0.95703125 0.0419921875 0.0439453125
3 0.7958984375 0.896484375 0.0859375 0.0810546875