3 0.4580078125 0.138671875 0.125 0.1220703125
3 0.546875 0.3681640625 0.1328125 0.1357421875
3 0.6181640625 0.3134765625 0.1455078125 0.1455078125
3 0.236328125 0.1416015625 0.1171875 0.115234375
3 0.037109375 0.3359375 0.07421875 0.1171875
3 0.302734375 0.0908203125 0.123046875 0.123046875
3 0.1923828125 0.529296875 0.146484375 0.1435546875
3 0.521484375 0.0810546875 0.1279296875 0.1279296875
3 0.9052734375 0.5830078125 0.150390625 0.1435546875
3 0.412109375 0.197265625 0.0986328125 0.0966796875
2 0.537109375 0.90625 0.2265625 0.1875
3 0.8408203125 0.919921875 0.115234375 0.119140625
3 0.361328125 0.0498046875 0.138671875 0.099609375
3 0.142578125 0.45703125 0.109375 0.109375
3 0.0390625 0.052734375 0.078125 0.103515625
3 0.689453125 0.25 0.150390625 0.1484375
3 0.7998046875 0.849609375 0.140625 0.1376953125
3 0.96875 0.876953125 0.060546875 0.078125
3 0.08203125 0.396484375 0.138671875 0.142578125
3 0.9501953125 0.5048828125 0.099609375 0.115234375
3 0.2744140625 0.595703125 0.0888671875 0.083984375
3 0.8671875 0.0634765625 0.140625 0.126953125
3 0.427734375 0.025390625 0.138671875 0.0498046875
3 0.1796875 0.2099609375 0.140625 0.1298828125
3 0.9423828125 0.025390625 0.099609375 0.05078125
3 0.8369140625 0.6328125 0.109375 0.119140625
3 0.7978515625 0.1015625 0.0908203125 0.0908203125
3 0.333984375 0.689453125 0.1533203125 0.1611328125
3 0.2958984375 0.314453125 0.1123046875 0.103515625
3 0.0830078125 0.021484375 0.134765625 0.04296875
2 0.2265625 0.77734375 0.1455078125 0.146484375
2 0.037109375 0.896484375 0.0732421875 0.150390625
3 0.490234375 0.4267578125 0.103515625 0.1015625
3 0.734375 0.1865234375 0.109375 0.111328125
3 0.9755859375 0.6845703125 0.048828125 0.1044921875
3 0.46484375 0.458984375 0.1640625 0.171875
3 0.72265625 0.416015625 0.125 0.1298828125
3 0.97265625 0.787109375 0.0546875 0.0908203125
3 0.78125 0.7021484375 0.146484375 0.1435546875
2 0.2802734375 0.8671875 0.1171875 0.119140625
1 0.595703125 0.0302734375 0.109375 0.060546875
2 0.419921875 0.9755859375 0.126953125 0.048828125
3 0.9326171875 0.771484375 0.134765625 0.1201171875
2 0.40234375 0.759765625 0.1220703125 0.1201171875
2 0.0654296875 0.947265625 0.130859375 0.1044921875
3 0.9814453125 0.44140625 0.037109375 0.1123046875
1 0.337890625 0.251953125 0.1142578125 0.1064453125
3 0.01953125 0.478515625 0.0390625 0.115234375
3 0.806640625 0.2587890625 0.0625 0.0595703125
2 0.607421875 0.5458984375 0.296875 0.302734375
1 0.037109375 0.5546875 0.0732421875 0.1279296875
3 0.6708984375 0.4814453125 0.1455078125 0.1533203125
3 0.892578125 0.9638671875 0.1123046875 0.072265625
3 0.9560546875 0.9775390625 0.087890625 0.044921875
2 0.1689453125 0.7001953125 0.1298828125 0.1435546875
3 0.783203125 0.3603515625 0.107421875 0.107421875
3 0.9658203125 0.1728515625 0.0673828125 0.091796875
3 0.404296875 0.755859375 0.1201171875 0.1171875
3 0.8642578125 0.2919921875 0.087890625 0.0859375
2 0.1044921875 0.6396484375 0.1357421875 0.1484375
3 0.44140625 0.474609375 0.109375 0.1064453125
2 0.623046875 0.9716796875 0.134765625 0.056640625
3 0.6162109375 0.9697265625 0.146484375 0.060546875
1 0.783203125 0.3603515625 0.109375 0.1044921875
0 0.103515625 0.640625 0.1357421875 0.1533203125
3 0.9736328125 0.0537109375 0.052734375 0.0966796875
2 0.74609375 0.7431640625 0.2421875 0.224609375
1 0.103515625 0.640625 0.1376953125 0.1533203125
1 0.013671875 0.267578125 0.0263671875 0.126953125
2 0.712890625 0.77734375 0.154296875 0.150390625
2 0.302734375 0.84765625 0.177734375 0.166015625
3 0.259765625 0.25390625 0.048828125 0.044921875
2 0.18359375 0.91796875 0.0625 0.0576171875
1 0.9658203125 0.27734375 0.068359375 0.07421875
3 0.208984375 0.7646484375 0.1044921875 0.0986328125
3 0.0126953125 0.275390625 0.025390625 0.142578125
3 0.103515625 0.640625 0.138671875 0.154296875