1 0.796875 0.826171875 0.091796875 0.09375
0 0.1396484375 0.201171875 0.279296875 0.3876953125
2 0.205078125 0.4072265625 0.1845703125 0.1875
1 0.728515625 0.3603515625 0.0517578125 0.0546875
2 0.3896484375 0.6962890625 0.1201171875 0.1201171875
3 0.072265625 0.697265625 0.0830078125 0.1298828125
1 0.564453125 0.052734375 0.154296875 0.103515625
1 0.962890625 0.48828125 0.0732421875 0.080078125
1 0.521484375 0.126953125 0.1123046875 0.111328125
2 0.265625 0.5234375 0.125 0.1220703125
1 0.556640625 0.8046875 0.125 0.158203125
1 0.212890625 0.79296875 0.1376953125 0.138671875
3 0.619140625 0.3466796875 0.1689453125 0.181640625
2 0.1064453125 0.0244140625 0.1123046875 0.048828125
3 0.4658203125 0.240234375 0.107421875 0.109375
2 0.619140625 0.3486328125 0.1689453125 0.173828125
2 0.181640625 0.123046875 0.0673828125 0.0654296875
1 0.330078125 0.439453125 0.046875 0.048828125
3 0.71484375 0.9306640625 0.109375 0.138671875
2 0.6513671875 0.5556640625 0.087890625 0.091796875
3 0.705078125 0.236328125 0.15625 0.1298828125
2 0.5888671875 0.9462890625 0.1123046875 0.1064453125
3 0.771484375 0.0712890625 0.1611328125 0.138671875
3 0.708984375 0.607421875 0.103515625 0.1123046875
1 0.7021484375 0.2353515625 0.1611328125 0.126953125
3 0.640625 0.46875 0.068359375 0.068359375
2 0.037109375 0.513671875 0.072265625 0.1357421875
0 0.76171875 0.478515625 0.123046875 0.130859375
1 0.76171875 0.4775390625 0.1220703125 0.126953125
2 0.7109375 0.6103515625 0.1015625 0.109375
3 0.0361328125 0.513671875 0.0703125 0.1279296875
2 0.3984375 0.955078125 0.1201171875 0.0859375
3 0.650390625 0.556640625 0.087890625 0.0908203125
1 0.3134765625 0.033203125 0.130859375 0.0654296875
0 0.9306640625 0.1474609375 0.138671875 0.294921875
1 0.919921875 0.5517578125 0.0859375 0.087890625
2 0.6455078125 0.6083984375 0.234375 0.208984375
2 0.9345703125 0.1181640625 0.130859375 0.232421875
2 0.919921875 0.166015625 0.091796875 0.0810546875
3 0.9384765625 0.017578125 0.095703125 0.03515625
3 0.919921875 0.5517578125 0.087890625 0.0888671875
0 0.5576171875 0.8056640625 0.125 0.158203125
2 0.7724609375 0.0703125 0.1640625 0.140625
0 0.6474609375 0.6171875 0.234375 0.220703125
2 0.71484375 0.9287109375 0.109375 0.134765625
3 0.3017578125 0.91796875 0.140625 0.1484375