2 0.4091796875 0.7470703125 0.15625 0.1455078125
2 0.302734375 0.93359375 0.142578125 0.130859375
2 0.1650390625 0.8818359375 0.1826171875 0.234375
2 0.4599609375 0.201171875 0.125 0.1640625
2 0.5029296875 0.8916015625 0.1435546875 0.126953125
2 0.068359375 0.7958984375 0.13671875 0.244140625
2 0.9580078125 0.09375 0.083984375 0.1875
2 0.28125 0.3134765625 0.1435546875 0.15625
2 0.251953125 0.142578125 0.2548828125 0.2841796875
2 0.1845703125 0.4365234375 0.087890625 0.0859375
2 0.77734375 0.90234375 0.1328125 0.123046875
2 0.0888671875 0.0654296875 0.1171875 0.130859375
2 0.9013671875 0.7255859375 0.197265625 0.1689453125
2 0.0947265625 0.3623046875 0.1298828125 0.1171875
2 0.041015625 0.0458984375 0.0810546875 0.0908203125
2 0.3173828125 0.58203125 0.0751953125 0.0732421875
2 0.3173828125 0.642578125 0.1171875 0.1064453125
2 0.591796875 0.951171875 0.119140625 0.095703125
2 0.455078125 0.482421875 0.169921875 0.1982421875
2 0.8212890625 0.337890625 0.1640625 0.2080078125
2 0.6279296875 0.2255859375 0.1142578125 0.134765625
0 0.455078125 0.482421875 0.169921875 0.1923828125
2 0.3916015625 0.1630859375 0.1220703125 0.1611328125
2 0.25 0.5234375 0.1123046875 0.0966796875
2 0.056640625 0.314453125 0.107421875 0.1142578125
2 0.1298828125 0.3984375 0.119140625 0.1376953125
2 0.7978515625 0.486328125 0.404296875 0.513671875
2 0.3427734375 0.66796875 0.169921875 0.1640625
2 0.6455078125 0.9736328125 0.115234375 0.052734375
3 0.5908203125 0.951171875 0.1220703125 0.095703125
0 0.2724609375 0.55859375 0.177734375 0.1767578125
2 0.03125 0.224609375 0.0625 0.1748046875
0 0.7958984375 0.5126953125 0.3984375 0.5810546875
2 0.548828125 0.2080078125 0.1123046875 0.1513671875
2 0.685546875 0.3564453125 0.126953125 0.138671875
0 0.29296875 0.59375 0.130859375 0.1064453125
0 0.677734375 0.376953125 0.1533203125 0.1767578125