1 0.5751953125 0.3779296875 0.0986328125 0.1123046875
3 0.732421875 0.6962890625 0.119140625 0.1220703125
1 0.787109375 0.46484375 0.060546875 0.0751953125
3 0.6279296875 0.837890625 0.109375 0.115234375
3 0.736328125 0.2099609375 0.1220703125 0.115234375
3 0.4755859375 0.8544921875 0.0986328125 0.0986328125
3 0.943359375 0.1162109375 0.1123046875 0.140625
3 0.8857421875 0.9296875 0.1171875 0.1171875
1 0.490234375 0.4775390625 0.158203125 0.126953125
3 0.544921875 0.615234375 0.091796875 0.0908203125
3 0.3876953125 0.228515625 0.0908203125 0.0908203125
3 0.603515625 0.564453125 0.1064453125 0.095703125
3 0.529296875 0.271484375 0.1357421875 0.1328125
3 0.6982421875 0.814453125 0.0625 0.064453125
0 0.09375 0.9462890625 0.1875 0.107421875
1 0.51953125 0.2861328125 0.1591796875 0.1611328125
1 0.978515625 0.515625 0.0419921875 0.1171875
3 0.826171875 0.9599609375 0.0595703125 0.0595703125
1 0.900390625 0.6708984375 0.1357421875 0.1533203125
1 0.599609375 0.6650390625 0.080078125 0.0830078125
1 0.607421875 0.552734375 0.1220703125 0.1220703125