1 0.2802734375 0.912109375 0.1611328125 0.0986328125
1 0.7841796875 0.744140625 0.1328125 0.140625
3 0.9287109375 0.5732421875 0.142578125 0.1435546875
1 0.9501953125 0.3076171875 0.099609375 0.119140625
3 0.4873046875 0.4267578125 0.1201171875 0.103515625
3 0.8515625 0.18359375 0.126953125 0.1357421875
3 0.494140625 0.7705078125 0.072265625 0.095703125
3 0.802734375 0.427734375 0.099609375 0.103515625
3 0.287109375 0.7568359375 0.1044921875 0.095703125
3 0.705078125 0.0751953125 0.107421875 0.115234375
3 0.7236328125 0.3759765625 0.109375 0.109375
1 0.2548828125 0.6220703125 0.1142578125 0.1044921875
3 0.6357421875 0.0439453125 0.1171875 0.0859375
3 0.869140625 0.9697265625 0.09375 0.060546875
3 0.59375 0.7890625 0.1064453125 0.091796875
1 0.8291015625 0.873046875 0.1142578125 0.115234375
3 0.650390625 0.908203125 0.072265625 0.060546875
3 0.654296875 0.2998046875 0.1376953125 0.138671875
3 0.5400390625 0.4794921875 0.09375 0.091796875
3 0.9521484375 0.025390625 0.0888671875 0.0498046875
1 0.279296875 0.8251953125 0.0810546875 0.0732421875
1 0.1513671875 0.658203125 0.1201171875 0.111328125
3 0.263671875 0.974609375 0.1328125 0.0498046875
3 0.5654296875 0.232421875 0.1533203125 0.1435546875
1 0.623046875 0.974609375 0.0986328125 0.0498046875
3 0.86328125 0.517578125 0.099609375 0.09375
3 0.349609375 0.06640625 0.125 0.130859375
1 0.287109375 0.7548828125 0.1064453125 0.0966796875
3 0.595703125 0.5517578125 0.1435546875 0.1142578125
1 0.916015625 0.23828125 0.146484375 0.1611328125
3 0.25 0.4599609375 0.1279296875 0.119140625
3 0.9140625 0.2392578125 0.1435546875 0.162109375
2 0.3515625 0.0654296875 0.126953125 0.130859375
1 0.56640625 0.234375 0.1513671875 0.140625
3 0.2890625 0.521484375 0.166015625 0.134765625
1 0.564453125 0.037109375 0.11328125 0.07421875
1 0.6162109375 0.44921875 0.0859375 0.0859375
1 0.2626953125 0.974609375 0.1298828125 0.0498046875
1 0.4990234375 0.17578125 0.1220703125 0.115234375
1 0.0361328125 0.478515625 0.072265625 0.197265625
3 0.9892578125 0.037109375 0.021484375 0.07421875
1 0.291015625 0.5244140625 0.1748046875 0.140625
1 0.0322265625 0.521484375 0.064453125 0.111328125
3 0.689453125 0.599609375 0.1064453125 0.0966796875
3 0.6279296875 0.564453125 0.0703125 0.072265625
3 0.9853515625 0.65625 0.0283203125 0.138671875
3 0.3759765625 0.6298828125 0.0703125 0.0654296875
1 0.1328125 0.0361328125 0.1123046875 0.0703125
1 0.3603515625 0.556640625 0.0546875 0.056640625
1 0.689453125 0.6005859375 0.1064453125 0.0986328125
2 0.025390625 0.2001953125 0.05078125 0.177734375
3 0.8994140625 0.271484375 0.0966796875 0.0908203125
1 0.443359375 0.353515625 0.1015625 0.0830078125
1 0.4697265625 0.5166015625 0.1044921875 0.107421875
1 0.3759765625 0.630859375 0.0703125 0.0673828125
3 0.427734375 0.9775390625 0.078125 0.044921875
3 0.572265625 0.0185546875 0.123046875 0.037109375
3 0.673828125 0.4189453125 0.0888671875 0.078125
3 0.615234375 0.44921875 0.083984375 0.083984375
3 0.5078125 0.1787109375 0.111328125 0.1142578125
3 0.9736328125 0.6162109375 0.052734375 0.091796875
3 0.615234375 0.8056640625 0.158203125 0.140625
1 0.271484375 0.78515625 0.138671875 0.1591796875