3 0.7685546875 0.5712890625 0.1201171875 0.1044921875
1 0.2060546875 0.677734375 0.0966796875 0.09375
1 0.349609375 0.498046875 0.080078125 0.080078125
1 0.44921875 0.2080078125 0.0859375 0.0625
3 0.2666015625 0.3076171875 0.134765625 0.126953125
1 0.8466796875 0.505859375 0.126953125 0.1376953125
1 0.486328125 0.31640625 0.1513671875 0.1455078125
3 0.693359375 0.2333984375 0.083984375 0.0810546875
3 0.1201171875 0.244140625 0.078125 0.0732421875
3 0.4697265625 0.03125 0.111328125 0.060546875
3 0.6376953125 0.572265625 0.1357421875 0.1123046875
1 0.2255859375 0.521484375 0.134765625 0.1171875
1 0.6376953125 0.572265625 0.140625 0.111328125
1 0.5029296875 0.478515625 0.0654296875 0.076171875
3 0.6015625 0.2138671875 0.0986328125 0.0751953125
3 0.5087890625 0.294921875 0.1015625 0.0859375
3 0.63671875 0.197265625 0.2060546875 0.1669921875