3 0.3798828125 0.060546875 0.146484375 0.12109375
3 0.189453125 0.0693359375 0.091796875 0.138671875
3 0.2021484375 0.291015625 0.0859375 0.1064453125
3 0.625 0.8974609375 0.115234375 0.1220703125
3 0.5361328125 0.380859375 0.0673828125 0.068359375
3 0.826171875 0.427734375 0.1298828125 0.111328125
3 0.5341796875 0.275390625 0.0859375 0.1220703125
3 0.0498046875 0.763671875 0.099609375 0.125
3 0.1064453125 0.283203125 0.091796875 0.099609375
1 0.01953125 0.298828125 0.0390625 0.087890625
3 0.1845703125 0.908203125 0.1142578125 0.0810546875
3 0.2900390625 0.287109375 0.0810546875 0.134765625
3 0.591796875 0.064453125 0.1142578125 0.0986328125
3 0.7646484375 0.5498046875 0.0576171875 0.0966796875
3 0.7080078125 0.099609375 0.1376953125 0.1064453125
3 0.6259765625 0.7294921875 0.115234375 0.109375
1 0.626953125 0.310546875 0.111328125 0.1923828125
3 0.623046875 0.5009765625 0.130859375 0.1904296875
3 0.2138671875 0.5419921875 0.0830078125 0.123046875
3 0.390625 0.552734375 0.0908203125 0.125
3 0.068359375 0.544921875 0.134765625 0.220703125
3 0.513671875 0.791015625 0.0732421875 0.1826171875
3 0.1962890625 0.7451171875 0.095703125 0.0908203125
3 0.5068359375 0.5576171875 0.09375 0.109375
3 0.380859375 0.853515625 0.0595703125 0.072265625
3 0.0810546875 0.87890625 0.078125 0.1298828125
3 0.970703125 0.5244140625 0.0576171875 0.125
3 0.8330078125 0.3505859375 0.150390625 0.09375
1 0.84765625 0.8330078125 0.125 0.1533203125
3 0.5 0.033203125 0.056640625 0.0625
3 0.025390625 0.0947265625 0.05078125 0.091796875
3 0.837890625 0.283203125 0.099609375 0.09375
3 0.1796875 0.986328125 0.095703125 0.0263671875
3 0.400390625 0.34375 0.146484375 0.173828125
3 0.4208984375 0.3193359375 0.099609375 0.123046875
3 0.919921875 0.7255859375 0.130859375 0.1875
3 0.361328125 0.3818359375 0.060546875 0.091796875
3 0.2880859375 0.755859375 0.068359375 0.109375
3 0.2939453125 0.7900390625 0.09375 0.1796875
3 0.0888671875 0.109375 0.087890625 0.1279296875
2 0.970703125 0.0556640625 0.0576171875 0.109375
1 0.625 0.728515625 0.119140625 0.1142578125
3 0.703125 0.265625 0.0625 0.0751953125
1 0.5146484375 0.4775390625 0.060546875 0.0625
1 0.9189453125 0.724609375 0.130859375 0.1875
3 0.7412109375 0.5498046875 0.109375 0.1064453125
1 0.814453125 0.25390625 0.1611328125 0.169921875
3 0.8076171875 0.720703125 0.1484375 0.125
1 0.4150390625 0.80859375 0.1435546875 0.1796875
1 0.7861328125 0.9638671875 0.0908203125 0.0703125
1 0.2958984375 0.791015625 0.0986328125 0.1767578125
1 0.7998046875 0.228515625 0.1171875 0.111328125
1 0.5068359375 0.5283203125 0.0986328125 0.1669921875
3 0.021484375 0.986328125 0.0419921875 0.0263671875
1 0.6259765625 0.5 0.1298828125 0.193359375
2 0.95703125 0.2109375 0.0859375 0.1845703125
1 0.310546875 0.572265625 0.0859375 0.126953125
1 0.2080078125 0.3798828125 0.095703125 0.078125
1 0.181640625 0.984375 0.1171875 0.03125
1 0.88671875 0.9560546875 0.1064453125 0.0859375
2 0.7080078125 0.099609375 0.1376953125 0.1064453125
3 0.63671875 0.9775390625 0.1484375 0.044921875
3 0.95703125 0.2001953125 0.0859375 0.1533203125
3 0.88671875 0.95703125 0.1044921875 0.0859375
1 0.2998046875 0.529296875 0.109375 0.2080078125