2 0.77734375 0.1943359375 0.146484375 0.154296875
3 0.36328125 0.837890625 0.138671875 0.1376953125
3 0.42578125 0.904296875 0.134765625 0.138671875
3 0.498046875 0.9443359375 0.140625 0.109375
3 0.2255859375 0.716796875 0.150390625 0.1484375
2 0.884765625 0.056640625 0.177734375 0.111328125
3 0.080078125 0.958984375 0.130859375 0.0810546875
3 0.595703125 0.8095703125 0.1044921875 0.109375
2 0.0859375 0.384765625 0.171875 0.203125
3 0.1376953125 0.9208984375 0.125 0.123046875
3 0.46484375 0.689453125 0.1171875 0.111328125
3 0.681640625 0.8828125 0.09375 0.0908203125
3 0.291015625 0.775390625 0.1298828125 0.140625
2 0.658203125 0.330078125 0.1533203125 0.1826171875
2 0.5009765625 0.3134765625 0.109375 0.1123046875
2 0.9404296875 0.6875 0.119140625 0.15625
2 0.8779296875 0.6376953125 0.1376953125 0.1376953125
3 0.775390625 0.9580078125 0.0810546875 0.083984375
3 0.115234375 0.646484375 0.1357421875 0.1376953125
2 0.466796875 0.244140625 0.0810546875 0.080078125
3 0.513671875 0.7294921875 0.099609375 0.1044921875
3 0.2783203125 0.5263671875 0.1171875 0.1279296875
3 0.552734375 0.97265625 0.134765625 0.0546875
3 0.376953125 0.611328125 0.109375 0.1142578125
3 0.3291015625 0.5791015625 0.111328125 0.1171875
2 0.8798828125 0.259765625 0.1591796875 0.1669921875
2 0.794921875 0.599609375 0.134765625 0.1220703125
2 0.5576171875 0.345703125 0.1015625 0.103515625
3 0.560546875 0.763671875 0.095703125 0.0986328125
2 0.6015625 0.1796875 0.115234375 0.1201171875
2 0.041015625 0.2998046875 0.080078125 0.169921875
2 0.1162109375 0.6455078125 0.1376953125 0.1376953125
3 0.419921875 0.6533203125 0.099609375 0.09375
3 0.818359375 0.96484375 0.111328125 0.0703125
3 0.6416015625 0.845703125 0.107421875 0.1044921875
2 0.6845703125 0.2880859375 0.0908203125 0.083984375
3 0.7216796875 0.927734375 0.125 0.1298828125
2 0.154296875 0.435546875 0.140625 0.1513671875
0 0.453125 0.126953125 0.322265625 0.248046875
3 0.5 0.3134765625 0.1142578125 0.1123046875
3 0.5498046875 0.779296875 0.0703125 0.064453125
2 0.513671875 0.017578125 0.0908203125 0.033203125
0 0.630859375 0.142578125 0.1845703125 0.2060546875
3 0.740234375 0.904296875 0.0888671875 0.087890625
3 0.033203125 0.810546875 0.06640625 0.15625
2 0.638671875 0.3662109375 0.107421875 0.109375
3 0.806640625 0.9873046875 0.080078125 0.025390625
3 0.6328125 0.9697265625 0.076171875 0.060546875
2 0.892578125 0.4169921875 0.2138671875 0.337890625
2 0.7392578125 0.43359375 0.15625 0.154296875
2 0.0283203125 0.251953125 0.056640625 0.060546875
2 0.6357421875 0.1396484375 0.1875 0.201171875
3 0.3427734375 0.5595703125 0.0810546875 0.080078125
2 0.3408203125 0.0224609375 0.109375 0.0439453125
3 0.0302734375 0.9873046875 0.056640625 0.025390625