3 0.873046875 0.708984375 0.142578125 0.126953125
3 0.9052734375 0.775390625 0.1298828125 0.1201171875
3 0.7861328125 0.5732421875 0.140625 0.119140625
3 0.9404296875 0.576171875 0.119140625 0.1201171875
3 0.7734375 0.298828125 0.1376953125 0.1298828125
2 0.2314453125 0.5419921875 0.099609375 0.107421875
3 0.7470703125 0.49609375 0.15625 0.126953125
3 0.90234375 0.1884765625 0.080078125 0.0810546875
3 0.833984375 0.634765625 0.138671875 0.125
3 0.9326171875 0.5029296875 0.107421875 0.09375
2 0.26953125 0.9267578125 0.150390625 0.146484375
3 0.943359375 0.841796875 0.1123046875 0.1220703125
3 0.8349609375 0.234375 0.1123046875 0.1142578125
3 0.7021484375 0.0908203125 0.1279296875 0.1220703125
2 0.30859375 0.2158203125 0.142578125 0.1455078125
2 0.12109375 0.5390625 0.0888671875 0.240234375
3 0.978515625 0.654296875 0.0419921875 0.0986328125
3 0.66015625 0.3935546875 0.119140625 0.1279296875
3 0.580078125 0.212890625 0.1123046875 0.109375
3 0.962890625 0.904296875 0.0732421875 0.119140625
3 0.7509765625 0.9375 0.138671875 0.123046875
2 0.2578125 0.3798828125 0.15625 0.177734375
3 0.9580078125 0.3271484375 0.083984375 0.109375
3 0.5869140625 0.041015625 0.1767578125 0.0810546875
3 0.9736328125 0.208984375 0.052734375 0.1142578125
2 0.6064453125 0.9404296875 0.142578125 0.119140625
3 0.533203125 0.1484375 0.1328125 0.1279296875
3 0.7763671875 0.0478515625 0.1142578125 0.095703125
3 0.3642578125 0.2841796875 0.1435546875 0.150390625
2 0.4189453125 0.36328125 0.150390625 0.1533203125
2 0.4775390625 0.0693359375 0.130859375 0.1298828125
3 0.587890625 0.646484375 0.1484375 0.1279296875
3 0.916015625 0.3623046875 0.1669921875 0.1875
3 0.724609375 0.0146484375 0.0908203125 0.0283203125
3 0.73046875 0.35546875 0.115234375 0.119140625
3 0.6396484375 0.705078125 0.1142578125 0.111328125
0 0.470703125 0.736328125 0.2109375 0.2861328125
3 0.9345703125 0.3974609375 0.1298828125 0.119140625
3 0.865234375 0.365234375 0.0546875 0.0703125
3 0.9794921875 0.7314453125 0.041015625 0.0830078125
3 0.673828125 0.794921875 0.1064453125 0.1123046875
2 0.587890625 0.646484375 0.146484375 0.1279296875
3 0.8095703125 0.970703125 0.125 0.0576171875
3 0.529296875 0.537109375 0.1875 0.193359375
3 0.646484375 0.138671875 0.1298828125 0.119140625
2 0.525390625 0.5400390625 0.1904296875 0.1875
3 0.716796875 0.8642578125 0.0986328125 0.0888671875
3 0.9892578125 0.9541015625 0.021484375 0.091796875
2 0.470703125 0.736328125 0.2109375 0.2861328125
3 0.4765625 0.068359375 0.1328125 0.1298828125
3 0.6669921875 0.1103515625 0.1767578125 0.169921875
2 0.017578125 0.8544921875 0.03515625 0.154296875
2 0.498046875 0.9775390625 0.0830078125 0.0439453125
3 0.8984375 0.322265625 0.052734375 0.044921875
1 0.3330078125 0.708984375 0.0732421875 0.0830078125
3 0.8466796875 0.462890625 0.0361328125 0.0341796875
2 0.36328125 0.28515625 0.142578125 0.1513671875