3 0.130859375 0.1220703125 0.146484375 0.140625
3 0.4775390625 0.408203125 0.1533203125 0.1640625
3 0.115234375 0.818359375 0.126953125 0.1171875
3 0.8125 0.8349609375 0.1328125 0.115234375
3 0.396484375 0.337890625 0.1376953125 0.1513671875
3 0.10546875 0.2919921875 0.1279296875 0.130859375
3 0.3232421875 0.2646484375 0.1298828125 0.130859375
3 0.2216796875 0.3935546875 0.1328125 0.1357421875
3 0.54296875 0.126953125 0.1376953125 0.140625
3 0.927734375 0.5087890625 0.126953125 0.1142578125
3 0.052734375 0.236328125 0.10546875 0.12109375
3 0.205078125 0.1708984375 0.1142578125 0.126953125
3 0.0712890625 0.0634765625 0.130859375 0.126953125
3 0.611328125 0.181640625 0.1533203125 0.142578125
3 0.908203125 0.5947265625 0.138671875 0.1171875
3 0.474609375 0.064453125 0.138671875 0.1279296875
3 0.8779296875 0.673828125 0.1279296875 0.1201171875
3 0.7001953125 0.06640625 0.1298828125 0.1328125
3 0.3212890625 0.927734375 0.0966796875 0.0908203125
3 0.3037109375 0.4580078125 0.15625 0.154296875
3 0.6875 0.357421875 0.0830078125 0.0810546875
3 0.162109375 0.3408203125 0.134765625 0.1376953125
3 0.9755859375 0.822265625 0.046875 0.0908203125
1 0.6015625 0.681640625 0.1533203125 0.1279296875
3 0.7578125 0.111328125 0.1279296875 0.134765625
3 0.2607421875 0.216796875 0.1201171875 0.1220703125
3 0.9814453125 0.7236328125 0.037109375 0.111328125
3 0.923828125 0.9189453125 0.1513671875 0.1611328125
3 0.4091796875 0.04296875 0.134765625 0.0859375
3 0.7138671875 0.44921875 0.1171875 0.1142578125
3 0.02734375 0.177734375 0.0546875 0.1484375
3 0.783203125 0.92578125 0.158203125 0.138671875
3 0.6318359375 0.04296875 0.140625 0.0859375
3 0.8427734375 0.751953125 0.115234375 0.109375
3 0.427734375 0.5146484375 0.076171875 0.0751953125
3 0.3134765625 0.98046875 0.09375 0.0390625
1 0.7841796875 0.9267578125 0.162109375 0.140625
3 0.5849609375 0.76953125 0.1220703125 0.1142578125
3 0.5244140625 0.9375 0.1328125 0.123046875
1 0.1025390625 0.9091796875 0.123046875 0.0986328125
3 0.6845703125 0.5361328125 0.1279296875 0.126953125
3 0.9423828125 0.8935546875 0.115234375 0.099609375
3 0.3515625 0.76171875 0.130859375 0.103515625
3 0.669921875 0.5693359375 0.171875 0.2001953125
3 0.939453125 0.9619140625 0.09765625 0.076171875
3 0.787109375 0.2919921875 0.123046875 0.158203125
3 0.0322265625 0.041015625 0.064453125 0.078125
3 0.7626953125 0.388671875 0.103515625 0.09375
1 0.341796875 0.84375 0.107421875 0.1015625
3 0.052734375 0.568359375 0.1044921875 0.197265625
3 0.361328125 0.6669921875 0.1064453125 0.109375
1 0.3603515625 0.666015625 0.109375 0.109375
1 0.5771484375 0.6728515625 0.09375 0.0966796875
3 0.9697265625 0.3505859375 0.060546875 0.115234375
3 0.1005859375 0.9814453125 0.0986328125 0.037109375
3 0.3515625 0.0166015625 0.146484375 0.033203125
3 0.7216796875 0.9892578125 0.099609375 0.021484375
3 0.662109375 0.615234375 0.140625 0.115234375
1 0.05078125 0.56640625 0.1015625 0.208984375
3 0.025390625 0.0205078125 0.05078125 0.041015625
1 0.9580078125 0.421875 0.083984375 0.0908203125
3 0.029296875 0.978515625 0.0576171875 0.041015625
3 0.9853515625 0.275390625 0.029296875 0.11328125
1 0.2353515625 0.666015625 0.091796875 0.1298828125
1 0.4150390625 0.849609375 0.044921875 0.0595703125
1 0.029296875 0.9794921875 0.0576171875 0.041015625
3 0.9580078125 0.42578125 0.0830078125 0.1015625
3 0.859375 0.712890625 0.177734375 0.1982421875
3 0.341796875 0.8447265625 0.1044921875 0.0986328125