3 0.4326171875 0.7685546875 0.1748046875 0.1826171875
3 0.77734375 0.130859375 0.1640625 0.1689453125
3 0.6748046875 0.205078125 0.1640625 0.169921875
3 0.126953125 0.9453125 0.1376953125 0.107421875
3 0.21875 0.96484375 0.119140625 0.068359375
3 0.5771484375 0.2998046875 0.1328125 0.130859375
2 0.8291015625 0.9443359375 0.193359375 0.109375
3 0.52734375 0.6748046875 0.1591796875 0.1640625
3 0.2265625 0.7041015625 0.1845703125 0.1796875
3 0.392578125 0.08203125 0.181640625 0.1640625
3 0.3212890625 0.197265625 0.1748046875 0.169921875
3 0.8828125 0.060546875 0.2158203125 0.119140625
3 0.701171875 0.873046875 0.203125 0.2080078125
3 0.748046875 0.466796875 0.166015625 0.154296875
3 0.619140625 0.560546875 0.2236328125 0.220703125
2 0.392578125 0.08203125 0.1845703125 0.1640625
3 0.4873046875 0.388671875 0.166015625 0.177734375
3 0.33203125 0.9765625 0.138671875 0.046875
2 0.9697265625 0.5732421875 0.060546875 0.154296875
2 0.322265625 0.1962890625 0.1748046875 0.1669921875
2 0.912109375 0.68359375 0.166015625 0.1689453125
3 0.82421875 0.3603515625 0.2001953125 0.1845703125
3 0.91015625 0.2060546875 0.1796875 0.3095703125
3 0.0888671875 0.083984375 0.177734375 0.1669921875
2 0.2021484375 0.26953125 0.1923828125 0.1845703125
2 0.701171875 0.873046875 0.2060546875 0.2080078125
2 0.0556640625 0.1767578125 0.109375 0.1513671875
3 0.5029296875 0.037109375 0.166015625 0.07421875
3 0.1708984375 0.0390625 0.1669921875 0.078125
3 0.91015625 0.68359375 0.162109375 0.169921875
3 0.3701171875 0.541015625 0.2763671875 0.244140625
3 0.6279296875 0.33984375 0.1015625 0.0986328125
3 0.396484375 0.486328125 0.1376953125 0.1376953125
3 0.353515625 0.8359375 0.125 0.099609375
2 0.365234375 0.541015625 0.291015625 0.251953125
2 0.154296875 0.3251953125 0.302734375 0.3125
2 0.087890625 0.0830078125 0.17578125 0.166015625
0 0.8603515625 0.73828125 0.279296875 0.2861328125
3 0.3046875 0.009765625 0.126953125 0.0185546875
3 0.8212890625 0.775390625 0.177734375 0.1796875
3 0.310546875 0.5703125 0.15625 0.171875
3 0.201171875 0.2666015625 0.193359375 0.189453125
2 0.9384765625 0.892578125 0.123046875 0.203125
3 0.064453125 0.474609375 0.1279296875 0.208984375
3 0.5087890625 0.642578125 0.0986328125 0.091796875
3 0.529296875 0.353515625 0.255859375 0.2451171875
3 0.0380859375 0.029296875 0.076171875 0.0576171875