3 0.4404296875 0.708984375 0.1435546875 0.1455078125
3 0.1982421875 0.583984375 0.119140625 0.1376953125
3 0.166015625 0.853515625 0.1328125 0.1513671875
3 0.11328125 0.5615234375 0.123046875 0.150390625
3 0.505859375 0.7646484375 0.125 0.1279296875
3 0.408203125 0.5107421875 0.1298828125 0.171875
3 0.275390625 0.6328125 0.109375 0.1201171875
3 0.14453125 0.9501953125 0.173828125 0.099609375
3 0.36328125 0.658203125 0.1455078125 0.1484375
2 0.9482421875 0.6884765625 0.103515625 0.314453125
2 0.4501953125 0.181640625 0.296875 0.287109375
3 0.818359375 0.9501953125 0.15625 0.099609375
3 0.099609375 0.3740234375 0.125 0.169921875
3 0.322265625 0.9287109375 0.1376953125 0.142578125
3 0.0498046875 0.5166015625 0.099609375 0.169921875
3 0.87890625 0.8740234375 0.1435546875 0.142578125
3 0.25390625 0.4345703125 0.134765625 0.1591796875
3 0.330078125 0.4677734375 0.140625 0.1923828125
3 0.2412109375 0.892578125 0.1279296875 0.140625
3 0.3974609375 0.9580078125 0.158203125 0.0830078125
2 0.9541015625 0.0341796875 0.091796875 0.068359375
2 0.8583984375 0.392578125 0.283203125 0.302734375
3 0.486328125 0.5322265625 0.1279296875 0.1611328125
3 0.64453125 0.7861328125 0.1669921875 0.1513671875
2 0.294921875 0.103515625 0.1796875 0.203125
3 0.0390625 0.345703125 0.078125 0.1669921875
3 0.1865234375 0.380859375 0.107421875 0.1201171875
3 0.591796875 0.8544921875 0.15625 0.142578125
2 0.8798828125 0.021484375 0.146484375 0.04296875
2 0.666015625 0.28125 0.240234375 0.275390625
3 0.52734375 0.548828125 0.220703125 0.1923828125
3 0.6318359375 0.65625 0.1611328125 0.150390625
3 0.052734375 0.857421875 0.1044921875 0.1875
3 0.5615234375 0.580078125 0.1484375 0.1591796875
2 0.0810546875 0.0859375 0.162109375 0.171875
3 0.9365234375 0.9765625 0.126953125 0.046875
3 0.9794921875 0.9521484375 0.0390625 0.091796875
2 0.9814453125 0.07421875 0.037109375 0.1484375
0 0.0810546875 0.0849609375 0.162109375 0.169921875
2 0.8955078125 0.03515625 0.2060546875 0.0703125
3 0.3486328125 0.4345703125 0.109375 0.1220703125
2 0.87890625 0.8740234375 0.1435546875 0.142578125
3 0.42578125 0.9853515625 0.2109375 0.029296875