3 0.560546875 0.6123046875 0.146484375 0.1484375
3 0.2548828125 0.314453125 0.150390625 0.1533203125
3 0.62890625 0.669921875 0.146484375 0.1533203125
3 0.720703125 0.525390625 0.15625 0.15625
3 0.060546875 0.111328125 0.1201171875 0.1796875
3 0.1875 0.2509765625 0.150390625 0.150390625
3 0.39453125 0.765625 0.1669921875 0.166015625
3 0.2861328125 0.130859375 0.1533203125 0.1591796875
3 0.79296875 0.5927734375 0.1455078125 0.1513671875
3 0.111328125 0.189453125 0.1484375 0.1533203125
3 0.3154296875 0.6884765625 0.1435546875 0.142578125
3 0.927734375 0.1572265625 0.138671875 0.1455078125
3 0.431640625 0.490234375 0.142578125 0.1435546875
3 0.849609375 0.857421875 0.1669921875 0.162109375
3 0.322265625 0.37890625 0.1357421875 0.146484375
3 0.5107421875 0.337890625 0.154296875 0.15625
3 0.701171875 0.720703125 0.15625 0.162109375
3 0.36328125 0.19140625 0.134765625 0.1279296875
3 0.5048828125 0.5400390625 0.1298828125 0.123046875
3 0.58203125 0.3974609375 0.146484375 0.1455078125
3 0.9609375 0.0810546875 0.076171875 0.1376953125
3 0.94140625 0.720703125 0.1171875 0.1357421875
3 0.6494140625 0.462890625 0.1611328125 0.1533203125
3 0.1748046875 0.9384765625 0.1611328125 0.111328125
3 0.224609375 0.0625 0.1298828125 0.123046875
3 0.951171875 0.330078125 0.095703125 0.162109375
3 0.9189453125 0.400390625 0.1611328125 0.1640625
3 0.154296875 0.037109375 0.1328125 0.07421875
3 0.0400390625 0.41796875 0.080078125 0.154296875
3 0.173828125 0.7939453125 0.1875 0.203125
3 0.5322265625 0.9189453125 0.169921875 0.162109375
3 0.4345703125 0.2666015625 0.158203125 0.166015625
3 0.908203125 0.921875 0.1044921875 0.1015625
3 0.458984375 0.029296875 0.09375 0.0576171875
3 0.4541015625 0.2431640625 0.111328125 0.111328125
3 0.0185546875 0.0380859375 0.037109375 0.076171875
3 0.958984375 0.958984375 0.080078125 0.080078125
3 0.5390625 0.958984375 0.1376953125 0.080078125
3 0.0859375 0.4921875 0.171875 0.193359375
3 0.9833984375 0.798828125 0.033203125 0.146484375
3 0.0234375 0.58984375 0.046875 0.15625
3 0.349609375 0.478515625 0.091796875 0.0830078125
3 0.9912109375 0.259765625 0.017578125 0.1171875
3 0.8359375 0.2666015625 0.216796875 0.224609375
3 0.865234375 0.228515625 0.1455078125 0.1513671875
2 0.919921875 0.404296875 0.15625 0.158203125
3 0.3974609375 0.07421875 0.1357421875 0.1328125
3 0.53125 0.029296875 0.1484375 0.05859375
2 0.533203125 0.029296875 0.1484375 0.056640625
1 0.173828125 0.791015625 0.1904296875 0.203125
3 0.1953125 0.9892578125 0.1171875 0.021484375