3 0.9736328125 0.0849609375 0.052734375 0.123046875
3 0.095703125 0.9482421875 0.095703125 0.099609375
3 0.2998046875 0.9365234375 0.125 0.09375
3 0.4619140625 0.935546875 0.080078125 0.109375
3 0.0751953125 0.0859375 0.078125 0.115234375
3 0.3505859375 0.505859375 0.0859375 0.1123046875
3 0.900390625 0.0771484375 0.076171875 0.134765625
3 0.15625 0.080078125 0.0810546875 0.1220703125
3 0.4365234375 0.5283203125 0.087890625 0.1513671875
3 0.8759765625 0.2451171875 0.091796875 0.1044921875
3 0.685546875 0.4990234375 0.0859375 0.1064453125
3 0.654296875 0.2802734375 0.078125 0.1064453125
3 0.818359375 0.0859375 0.087890625 0.1435546875
3 0.234375 0.080078125 0.078125 0.1064453125
3 0.650390625 0.0712890625 0.0751953125 0.126953125
3 0.173828125 0.5146484375 0.0830078125 0.1142578125
3 0.181640625 0.7158203125 0.078125 0.1171875
3 0.6025390625 0.509765625 0.0810546875 0.146484375
3 0.091796875 0.525390625 0.0830078125 0.1484375
3 0.404296875 0.1064453125 0.083984375 0.1767578125
3 0.4833984375 0.076171875 0.080078125 0.119140625
3 0.322265625 0.28125 0.078125 0.1044921875
3 0.734375 0.080078125 0.0908203125 0.1484375
3 0.5673828125 0.2783203125 0.0859375 0.0986328125
3 0.404296875 0.2744140625 0.0810546875 0.1220703125
3 0.240234375 0.283203125 0.078125 0.0966796875
3 0.0205078125 0.2724609375 0.0390625 0.1484375
3 0.3603515625 0.7021484375 0.091796875 0.1533203125
3 0.078125 0.2685546875 0.0830078125 0.1328125
3 0.5673828125 0.091796875 0.0859375 0.1513671875
3 0.5234375 0.66796875 0.048828125 0.087890625
3 0.013671875 0.5048828125 0.02734375 0.130859375
3 0.484375 0.275390625 0.087890625 0.1328125
3 0.5224609375 0.513671875 0.0859375 0.146484375
3 0.7353515625 0.267578125 0.0830078125 0.109375
3 0.0283203125 0.71484375 0.056640625 0.1328125
3 0.3134765625 0.98828125 0.125 0.021484375
3 0.9033203125 0.7822265625 0.095703125 0.166015625
3 0.017578125 0.07421875 0.03515625 0.12109375
3 0.2548828125 0.521484375 0.0908203125 0.138671875
3 0.1552734375 0.2666015625 0.087890625 0.1279296875
3 0.095703125 0.708984375 0.0830078125 0.1279296875
3 0.3115234375 0.0703125 0.078125 0.087890625
3 0.3017578125 0.7255859375 0.03125 0.0732421875
3 0.25 0.703125 0.072265625 0.126953125
3 0.291015625 0.646484375 0.044921875 0.0361328125
1 0.310546875 0.068359375 0.080078125 0.0888671875
1 0.521484375 0.5126953125 0.087890625 0.1513671875
1 0.4541015625 0.6962890625 0.0810546875 0.140625