3 0.4853515625 0.83203125 0.134765625 0.1357421875
3 0.9208984375 0.3876953125 0.158203125 0.1591796875
3 0.6435546875 0.236328125 0.1015625 0.111328125
3 0.390625 0.681640625 0.083984375 0.0576171875
1 0.2294921875 0.7568359375 0.1484375 0.1591796875
3 0.2470703125 0.9287109375 0.1142578125 0.103515625
3 0.8984375 0.623046875 0.119140625 0.1171875
3 0.978515625 0.7685546875 0.0419921875 0.119140625
1 0.724609375 0.04296875 0.095703125 0.083984375
3 0.7255859375 0.0419921875 0.09375 0.083984375
3 0.4072265625 0.509765625 0.125 0.1220703125
1 0.857421875 0.0234375 0.0859375 0.046875
1 0.404296875 0.5087890625 0.1328125 0.125
3 0.8583984375 0.0224609375 0.0830078125 0.0439453125
3 0.228515625 0.759765625 0.146484375 0.1591796875
3 0.40625 0.923828125 0.044921875 0.0517578125
3 0.353515625 0.9853515625 0.091796875 0.029296875
1 0.287109375 0.845703125 0.0673828125 0.060546875