2 0.771484375 0.462890625 0.123046875 0.126953125
3 0.3125 0.748046875 0.134765625 0.1484375
2 0.185546875 0.046875 0.1220703125 0.09375
3 0.388671875 0.693359375 0.1328125 0.1455078125
3 0.052734375 0.427734375 0.103515625 0.1357421875
3 0.146484375 0.810546875 0.0830078125 0.103515625
2 0.826171875 0.5234375 0.0751953125 0.072265625
3 0.0869140625 0.5029296875 0.123046875 0.1123046875
3 0.158203125 0.373046875 0.1455078125 0.142578125
3 0.2255859375 0.7890625 0.125 0.138671875
2 0.8896484375 0.27734375 0.1455078125 0.1455078125
2 0.962890625 0.076171875 0.072265625 0.150390625
3 0.068359375 0.87109375 0.126953125 0.140625
2 0.9189453125 0.7509765625 0.162109375 0.216796875
3 0.107421875 0.3017578125 0.1171875 0.1201171875
3 0.4296875 0.8525390625 0.1064453125 0.111328125
2 0.8515625 0.40234375 0.1435546875 0.1484375
3 0.205078125 0.95703125 0.0888671875 0.0859375
2 0.275390625 0.494140625 0.1376953125 0.1435546875
3 0.6455078125 0.052734375 0.1376953125 0.1044921875
3 0.45703125 0.630859375 0.1328125 0.1357421875
3 0.7041015625 0.095703125 0.1298828125 0.1484375
3 0.1201171875 0.95703125 0.1484375 0.0859375
2 0.763671875 0.1552734375 0.15625 0.15625
2 0.5654296875 0.02734375 0.1376953125 0.0546875
3 0.2763671875 0.4951171875 0.1376953125 0.1455078125
3 0.7509765625 0.9384765625 0.140625 0.1220703125
2 0.9375 0.3359375 0.125 0.138671875
3 0.01953125 0.16796875 0.0390625 0.1220703125
3 0.7646484375 0.1552734375 0.1611328125 0.15625
3 0.3095703125 0.904296875 0.21875 0.1904296875
3 0.0185546875 0.8935546875 0.0361328125 0.109375
3 0.052734375 0.224609375 0.1044921875 0.126953125
3 0.2236328125 0.4345703125 0.1533203125 0.150390625
3 0.3544921875 0.8955078125 0.1044921875 0.107421875
3 0.837890625 0.220703125 0.1171875 0.1142578125
3 0.849609375 0.9765625 0.1279296875 0.044921875
2 0.837890625 0.220703125 0.1171875 0.1142578125
3 0.048828125 0.9755859375 0.095703125 0.048828125
1 0.0224609375 0.3759765625 0.044921875 0.1015625
2 0.2509765625 0.01953125 0.138671875 0.0390625
2 0.9423828125 0.5615234375 0.044921875 0.048828125
3 0.171875 0.5732421875 0.1484375 0.1171875
3 0.8876953125 0.279296875 0.146484375 0.142578125
2 0.54296875 0.21875 0.5263671875 0.4375
3 0.544921875 0.6923828125 0.095703125 0.09375
3 0.4794921875 0.80859375 0.0751953125 0.0830078125
3 0.009765625 0.388671875 0.0185546875 0.119140625
3 0.720703125 0.919921875 0.0751953125 0.078125
0 0.54296875 0.7431640625 0.1982421875 0.212890625