1 0.7275390625 0.1494140625 0.1171875 0.107421875
3 0.037109375 0.1337890625 0.0732421875 0.1142578125
3 0.5849609375 0.7255859375 0.1357421875 0.1435546875
3 0.587890625 0.2470703125 0.0986328125 0.103515625
3 0.0869140625 0.9658203125 0.1015625 0.068359375
1 0.0712890625 0.3369140625 0.142578125 0.166015625
1 0.6572265625 0.0390625 0.123046875 0.078125
3 0.6533203125 0.7900390625 0.1376953125 0.1298828125
3 0.7861328125 0.9541015625 0.099609375 0.091796875
3 0.916015625 0.9599609375 0.0986328125 0.078125
3 0.0439453125 0.5576171875 0.087890625 0.1142578125
1 0.9619140625 0.7509765625 0.072265625 0.0595703125
3 0.6572265625 0.208984375 0.1298828125 0.134765625
3 0.576171875 0.025390625 0.064453125 0.0498046875
3 0.494140625 0.1455078125 0.078125 0.0830078125
1 0.6572265625 0.20703125 0.130859375 0.1279296875
3 0.396484375 0.892578125 0.103515625 0.095703125
3 0.6435546875 0.40234375 0.0966796875 0.0888671875
3 0.58203125 0.3544921875 0.0908203125 0.0859375
1 0.7275390625 0.265625 0.0966796875 0.091796875
1 0.728515625 0.6142578125 0.0732421875 0.083984375
3 0.4951171875 0.291015625 0.0986328125 0.0908203125
3 0.505859375 0.6708984375 0.146484375 0.162109375
1 0.0361328125 0.7783203125 0.0703125 0.083984375
1 0.3896484375 0.0283203125 0.138671875 0.056640625
3 0.740234375 0.341796875 0.1376953125 0.126953125
3 0.5361328125 0.966796875 0.0732421875 0.064453125
3 0.18359375 0.810546875 0.0703125 0.0703125
1 0.505859375 0.669921875 0.150390625 0.1611328125
1 0.0546875 0.8701171875 0.107421875 0.1044921875
3 0.0556640625 0.869140625 0.111328125 0.109375
1 0.4130859375 0.33203125 0.1123046875 0.1220703125
3 0.576171875 0.064453125 0.083984375 0.1279296875
1 0.7841796875 0.505859375 0.1455078125 0.1171875
1 0.384765625 0.3564453125 0.203125 0.181640625
3 0.287109375 0.8525390625 0.109375 0.1123046875
3 0.841796875 0.3974609375 0.091796875 0.111328125
1 0.248046875 0.931640625 0.0751953125 0.0732421875
1 0.5771484375 0.0634765625 0.087890625 0.126953125
1 0.498046875 0.2919921875 0.0986328125 0.09375
1 0.41796875 0.9697265625 0.0732421875 0.060546875
1 0.140625 0.75390625 0.0966796875 0.09375
0 0.802734375 0.4521484375 0.1875 0.2294921875
1 0.9716796875 0.0166015625 0.056640625 0.033203125
1 0.73828125 0.3408203125 0.1376953125 0.130859375
1 0.6513671875 0.7890625 0.140625 0.1376953125
1 0.79296875 0.0625 0.078125 0.091796875
3 0.203125 0.419921875 0.134765625 0.1298828125
3 0.03515625 0.77734375 0.0703125 0.0859375
1 0.240234375 0.052734375 0.1123046875 0.103515625
1 0.287109375 0.8515625 0.107421875 0.1123046875
1 0.376953125 0.173828125 0.119140625 0.1591796875
3 0.2451171875 0.978515625 0.109375 0.0419921875
3 0.6875 0.0283203125 0.0576171875 0.056640625
3 0.435546875 0.646484375 0.083984375 0.0908203125
3 0.7939453125 0.064453125 0.0810546875 0.0986328125
3 0.0908203125 0.611328125 0.0908203125 0.0810546875
1 0.087890625 0.6181640625 0.1015625 0.0986328125
1 0.822265625 0.0693359375 0.140625 0.1298828125
3 0.9833984375 0.873046875 0.033203125 0.095703125
1 0.6435546875 0.4033203125 0.0986328125 0.091796875
3 0.4052734375 0.9697265625 0.048828125 0.060546875
3 0.3388671875 0.560546875 0.078125 0.083984375
1 0.712890625 0.1337890625 0.0732421875 0.072265625
3 0.2451171875 0.9306640625 0.078125 0.0732421875
3 0.9931640625 0.056640625 0.013671875 0.060546875