3 0.224609375 0.2080078125 0.1044921875 0.099609375
3 0.3837890625 0.201171875 0.0986328125 0.09375
1 0.4072265625 0.8515625 0.0810546875 0.078125
1 0.708984375 0.048828125 0.0986328125 0.0830078125
1 0.853515625 0.841796875 0.1435546875 0.1376953125
3 0.037109375 0.2060546875 0.07421875 0.072265625
3 0.5634765625 0.3095703125 0.078125 0.0654296875
3 0.099609375 0.0986328125 0.107421875 0.107421875
1 0.4951171875 0.10546875 0.0732421875 0.064453125
1 0.9736328125 0.7177734375 0.052734375 0.052734375
1 0.31640625 0.912109375 0.0498046875 0.0595703125
1 0.03125 0.095703125 0.0625 0.119140625