3 0.6875 0.541015625 0.123046875 0.1376953125
3 0.599609375 0.666015625 0.126953125 0.1298828125
3 0.48046875 0.58203125 0.1279296875 0.140625
3 0.5400390625 0.6201171875 0.130859375 0.1533203125
3 0.9462890625 0.7666015625 0.107421875 0.146484375
1 0.658203125 0.318359375 0.103515625 0.099609375
3 0.3642578125 0.494140625 0.119140625 0.119140625
2 0.94921875 0.482421875 0.1015625 0.2421875
3 0.4140625 0.544921875 0.1142578125 0.1171875
3 0.70703125 0.7431640625 0.1376953125 0.1484375
3 0.873046875 0.8818359375 0.1171875 0.125
3 0.744140625 0.587890625 0.115234375 0.1279296875
3 0.283203125 0.6494140625 0.1142578125 0.1123046875
3 0.0498046875 0.6376953125 0.0986328125 0.1298828125
3 0.75390625 0.806640625 0.115234375 0.1142578125
3 0.8203125 0.8369140625 0.1201171875 0.130859375
3 0.9072265625 0.7216796875 0.1357421875 0.1484375
3 0.6416015625 0.712890625 0.109375 0.1142578125
3 0.2314453125 0.04296875 0.130859375 0.0859375
3 0.080078125 0.94140625 0.16015625 0.11328125
3 0.095703125 0.884765625 0.1171875 0.1220703125
3 0.5234375 0.4169921875 0.1298828125 0.1435546875
1 0.7578125 0.337890625 0.068359375 0.068359375
3 0.9228515625 0.9326171875 0.1142578125 0.115234375
3 0.7958984375 0.630859375 0.1328125 0.1513671875
3 0.37890625 0.779296875 0.1796875 0.1982421875
1 0.0615234375 0.396484375 0.083984375 0.0830078125
3 0.091796875 0.546875 0.125 0.123046875
3 0.1787109375 0.439453125 0.1015625 0.1015625
3 0.7275390625 0.2568359375 0.0751953125 0.072265625
1 0.712890625 0.037109375 0.10546875 0.07421875
3 0.2841796875 0.9228515625 0.1142578125 0.109375
3 0.6279296875 0.4990234375 0.1123046875 0.1435546875
3 0.552734375 0.0185546875 0.140625 0.037109375
3 0.48828125 0.0712890625 0.0986328125 0.0908203125
3 0.521484375 0.828125 0.1201171875 0.115234375
3 0.189453125 0.7470703125 0.1015625 0.0888671875
3 0.4638671875 0.3720703125 0.140625 0.146484375
3 0.9619140625 0.9599609375 0.076171875 0.080078125
3 0.177734375 0.7998046875 0.1826171875 0.1953125
3 0.62109375 0.916015625 0.197265625 0.1669921875
3 0.85546875 0.66796875 0.1201171875 0.1328125
1 0.37890625 0.779296875 0.1845703125 0.2001953125
2 0.8125 0.26171875 0.0859375 0.076171875
3 0.220703125 0.376953125 0.107421875 0.125
3 0.0263671875 0.98046875 0.052734375 0.0390625
2 0.8623046875 0.361328125 0.103515625 0.0908203125
3 0.4814453125 0.87890625 0.1201171875 0.1123046875
3 0.4580078125 0.1044921875 0.087890625 0.0830078125
3 0.5029296875 0.853515625 0.1669921875 0.1767578125
1 0.462890625 0.373046875 0.140625 0.1484375
3 0.583984375 0.2314453125 0.1591796875 0.154296875
3 0.728515625 0.1298828125 0.0732421875 0.0732421875
3 0.2314453125 0.7001953125 0.1015625 0.1142578125
3 0.8095703125 0.037109375 0.099609375 0.0732421875
3 0.818359375 0.0859375 0.109375 0.111328125
3 0.626953125 0.04296875 0.1142578125 0.083984375
3 0.2822265625 0.333984375 0.1201171875 0.107421875
3 0.7998046875 0.1884765625 0.0673828125 0.0673828125
3 0.05078125 0.255859375 0.1015625 0.109375
3 0.328125 0.25390625 0.1357421875 0.142578125
3 0.462890625 0.498046875 0.068359375 0.0654296875
3 0.626953125 0.1376953125 0.1064453125 0.1044921875
3 0.9853515625 0.8173828125 0.029296875 0.0986328125
3 0.208984375 0.1005859375 0.2109375 0.173828125
3 0.0234375 0.5830078125 0.046875 0.109375
3 0.8623046875 0.3623046875 0.103515625 0.09375
3 0.1171875 0.201171875 0.1591796875 0.1611328125
3 0.5732421875 0.9443359375 0.078125 0.0732421875
3 0.3876953125 0.2041015625 0.1201171875 0.1064453125
3 0.423828125 0.4501953125 0.048828125 0.044921875
3 0.0244140625 0.017578125 0.048828125 0.03515625
2 0.9736328125 0.1640625 0.052734375 0.1201171875
3 0.7490234375 0.986328125 0.115234375 0.025390625
3 0.513671875 0.0390625 0.1171875 0.078125
1 0.4306640625 0.14453125 0.0908203125 0.0859375
3 0.392578125 0.9736328125 0.1279296875 0.052734375
2 0.96484375 0.1171875 0.0703125 0.216796875
3 0.017578125 0.06640625 0.0341796875 0.0966796875
1 0.27734375 0.3369140625 0.119140625 0.1015625
3 0.3671875 0.140625 0.064453125 0.0654296875
3 0.103515625 0.423828125 0.0888671875 0.087890625
3 0.6669921875 0.0830078125 0.0703125 0.064453125
3 0.833984375 0.3955078125 0.09375 0.083984375
3 0.59765625 0.4248046875 0.083984375 0.0810546875
2 0.8076171875 0.037109375 0.099609375 0.072265625
0 0.958984375 0.11328125 0.0810546875 0.224609375
3 0.1611328125 0.0966796875 0.103515625 0.0966796875
3 0.259765625 0.67578125 0.1767578125 0.169921875
2 0.7841796875 0.4189453125 0.1298828125 0.109375
1 0.5849609375 0.232421875 0.1640625 0.1591796875
1 0.916015625 0.046875 0.1015625 0.09375
3 0.02734375 0.720703125 0.0546875 0.130859375
3 0.8125 0.26171875 0.0859375 0.078125
3 0.05078125 0.982421875 0.099609375 0.0341796875
3 0.255859375 0.123046875 0.111328125 0.0986328125
0 0.734375 0.3740234375 0.287109375 0.208984375
3 0.119140625 0.3134765625 0.0986328125 0.095703125
0 0.4169921875 0.169921875 0.349609375 0.33984375
1 0.158203125 0.4560546875 0.1484375 0.140625
3 0.662109375 0.197265625 0.072265625 0.0673828125
3 0.9423828125 0.2802734375 0.115234375 0.123046875
3 0.783203125 0.4189453125 0.134765625 0.109375