3 0.3671875 0.7431640625 0.1455078125 0.1376953125
3 0.318359375 0.6708984375 0.1484375 0.1357421875
3 0.185546875 0.7666015625 0.1435546875 0.138671875
3 0.267578125 0.5947265625 0.130859375 0.126953125
3 0.623046875 0.453125 0.158203125 0.1435546875
3 0.41015625 0.8193359375 0.1357421875 0.1171875
3 0.4375 0.427734375 0.150390625 0.1591796875
3 0.365234375 0.359375 0.1376953125 0.150390625
3 0.666015625 0.287109375 0.1435546875 0.154296875
3 0.5380859375 0.5283203125 0.171875 0.158203125
3 0.4296875 0.109375 0.142578125 0.154296875
3 0.11328125 0.4765625 0.1171875 0.119140625
3 0.0537109375 0.9443359375 0.107421875 0.109375
3 0.744140625 0.33984375 0.1328125 0.134765625
3 0.052734375 0.6337890625 0.10546875 0.126953125
3 0.3583984375 0.060546875 0.1328125 0.119140625
3 0.517578125 0.162109375 0.1298828125 0.1298828125
3 0.869140625 0.1728515625 0.1611328125 0.1376953125
3 0.228515625 0.8486328125 0.1357421875 0.1220703125
3 0.1875 0.1455078125 0.146484375 0.146484375
3 0.197265625 0.5302734375 0.1298828125 0.123046875
3 0.1171875 0.69140625 0.1142578125 0.123046875
3 0.701171875 0.875 0.1220703125 0.1142578125
3 0.7998046875 0.642578125 0.1533203125 0.158203125
3 0.5908203125 0.236328125 0.1513671875 0.1591796875
3 0.7412109375 0.939453125 0.134765625 0.119140625
3 0.271484375 0.916015625 0.1328125 0.140625
3 0.6435546875 0.7646484375 0.171875 0.1689453125
3 0.103515625 0.0908203125 0.140625 0.1357421875
3 0.8740234375 0.564453125 0.15625 0.1611328125
3 0.720703125 0.060546875 0.1279296875 0.1201171875
3 0.47265625 0.904296875 0.1435546875 0.1376953125
3 0.728515625 0.705078125 0.1220703125 0.1220703125
3 0.291015625 0.3056640625 0.1435546875 0.1455078125
3 0.2509765625 0.1982421875 0.138671875 0.138671875
3 0.521484375 0.962890625 0.1298828125 0.0732421875
3 0.025390625 0.8837890625 0.0498046875 0.1064453125
3 0.857421875 0.818359375 0.1640625 0.146484375
3 0.9443359375 0.044921875 0.111328125 0.08984375
3 0.7802734375 0.9775390625 0.126953125 0.044921875
3 0.919921875 0.4638671875 0.134765625 0.1591796875
3 0.9287109375 0.0947265625 0.1201171875 0.119140625
3 0.30859375 0.9736328125 0.125 0.052734375
3 0.041015625 0.439453125 0.08203125 0.15625
3 0.3212890625 0.884765625 0.078125 0.095703125
1 0.0419921875 0.439453125 0.083984375 0.154296875
3 0.2734375 0.0419921875 0.1435546875 0.083984375
3 0.9404296875 0.6943359375 0.119140625 0.166015625
1 0.2744140625 0.041015625 0.142578125 0.08203125
3 0.9794921875 0.302734375 0.041015625 0.140625
3 0.77734375 0.0185546875 0.125 0.037109375
3 0.98828125 0.5400390625 0.0234375 0.1015625
3 0.4560546875 0.8798828125 0.099609375 0.080078125
3 0.189453125 0.0126953125 0.1142578125 0.025390625
3 0.98046875 0.609375 0.0390625 0.0810546875
3 0.365234375 0.216796875 0.09375 0.091796875
1 0.5126953125 0.609375 0.072265625 0.064453125
3 0.080078125 0.9873046875 0.158203125 0.0234375
3 0.005859375 0.099609375 0.0107421875 0.087890625