3 0.126953125 0.1162109375 0.1611328125 0.1669921875
1 0.708984375 0.9384765625 0.0908203125 0.1064453125
3 0.419921875 0.2880859375 0.1435546875 0.173828125
3 0.7802734375 0.2412109375 0.1640625 0.146484375
3 0.6640625 0.2890625 0.150390625 0.158203125
3 0.0625 0.0654296875 0.123046875 0.130859375
3 0.7333984375 0.126953125 0.134765625 0.1484375
3 0.62890625 0.146484375 0.1142578125 0.119140625
3 0.2958984375 0.251953125 0.154296875 0.1611328125
3 0.24609375 0.583984375 0.1357421875 0.1376953125
3 0.54296875 0.314453125 0.107421875 0.130859375
2 0.9052734375 0.634765625 0.189453125 0.271484375
3 0.3330078125 0.818359375 0.078125 0.0673828125
3 0.208984375 0.1884765625 0.154296875 0.162109375
3 0.2236328125 0.0498046875 0.158203125 0.099609375
3 0.318359375 0.068359375 0.111328125 0.1123046875
3 0.4326171875 0.8994140625 0.2265625 0.201171875
3 0.701171875 0.6875 0.1201171875 0.115234375
3 0.0283203125 0.033203125 0.056640625 0.06640625
3 0.951171875 0.146484375 0.0966796875 0.189453125
3 0.224609375 0.8203125 0.123046875 0.1279296875
3 0.3974609375 0.6982421875 0.169921875 0.1689453125
2 0.6767578125 0.8095703125 0.109375 0.1064453125
3 0.515625 0.1328125 0.0908203125 0.0673828125
2 0.701171875 0.685546875 0.1220703125 0.111328125
2 0.8759765625 0.958984375 0.1015625 0.0810546875
3 0.6201171875 0.716796875 0.0908203125 0.107421875
3 0.0986328125 0.8505859375 0.1875 0.1875
3 0.28125 0.9736328125 0.0966796875 0.052734375
1 0.771484375 0.935546875 0.0625 0.0625
3 0.13671875 0.46484375 0.2294921875 0.212890625
3 0.427734375 0.45703125 0.193359375 0.146484375
3 0.67578125 0.8095703125 0.109375 0.1044921875
3 0.9677734375 0.017578125 0.064453125 0.0341796875
3 0.4208984375 0.1015625 0.123046875 0.125
3 0.5283203125 0.9775390625 0.115234375 0.044921875
3 0.892578125 0.015625 0.125 0.03125
3 0.013671875 0.576171875 0.0263671875 0.0986328125
1 0.1494140625 0.6455078125 0.087890625 0.0888671875
3 0.2177734375 0.98046875 0.103515625 0.0390625
1 0.396484375 0.7001953125 0.1767578125 0.1748046875
1 0.453125 0.630859375 0.0751953125 0.0859375
3 0.248046875 0.025390625 0.10546875 0.05078125
3 0.2509765625 0.9677734375 0.1689453125 0.064453125
1 0.09765625 0.8505859375 0.1875 0.1904296875
1 0.0390625 0.357421875 0.078125 0.1904296875
1 0.224609375 0.818359375 0.123046875 0.1298828125
3 0.205078125 0.6669921875 0.048828125 0.0498046875
3 0.8984375 0.0517578125 0.0673828125 0.0654296875
3 0.0400390625 0.3603515625 0.080078125 0.1826171875
1 0.0234375 0.3369140625 0.044921875 0.1435546875
3 0.900390625 0.044921875 0.1513671875 0.0888671875
3 0.0166015625 0.58203125 0.033203125 0.1748046875
3 0.380859375 0.154296875 0.1015625 0.078125