3 0.916015625 0.95703125 0.150390625 0.083984375
3 0.3779296875 0.943359375 0.1298828125 0.1044921875
3 0.0419921875 0.666015625 0.0830078125 0.1142578125
3 0.5673828125 0.8564453125 0.125 0.1064453125
3 0.3984375 0.869140625 0.103515625 0.0966796875
2 0.4228515625 0.068359375 0.1767578125 0.1357421875
3 0.0625 0.5908203125 0.1044921875 0.0986328125
3 0.2109375 0.630859375 0.1328125 0.125
3 0.958984375 0.904296875 0.0810546875 0.130859375
3 0.2880859375 0.3974609375 0.130859375 0.1123046875
3 0.0244140625 0.1474609375 0.048828125 0.099609375
3 0.5458984375 0.9345703125 0.1064453125 0.1044921875
3 0.2783203125 0.265625 0.1123046875 0.138671875
3 0.63671875 0.6923828125 0.099609375 0.0986328125
3 0.98046875 0.8193359375 0.0390625 0.099609375
3 0.111328125 0.474609375 0.154296875 0.193359375
3 0.3447265625 0.3017578125 0.1044921875 0.1455078125
3 0.142578125 0.349609375 0.1064453125 0.1015625
3 0.455078125 0.701171875 0.1220703125 0.1064453125
3 0.1875 0.240234375 0.123046875 0.1533203125
3 0.259765625 0.5244140625 0.171875 0.1982421875
3 0.025390625 0.7412109375 0.05078125 0.107421875
3 0.62109375 0.7353515625 0.1513671875 0.189453125
3 0.103515625 0.94921875 0.1064453125 0.0966796875
0 0.7177734375 0.4765625 0.1923828125 0.21875
2 0.576171875 0.373046875 0.119140625 0.119140625
3 0.431640625 0.779296875 0.1376953125 0.126953125
3 0.771484375 0.94140625 0.103515625 0.099609375
3 0.818359375 0.8271484375 0.1845703125 0.1982421875
2 0.869140625 0.2177734375 0.1845703125 0.1923828125
3 0.2587890625 0.0439453125 0.1142578125 0.0859375
1 0.0341796875 0.830078125 0.068359375 0.1220703125
3 0.19140625 0.7197265625 0.103515625 0.1064453125
3 0.158203125 0.7939453125 0.0966796875 0.0966796875
2 0.9033203125 0.6455078125 0.193359375 0.267578125
2 0.6767578125 0.1533203125 0.171875 0.224609375
3 0.541015625 0.4609375 0.099609375 0.0966796875
3 0.1220703125 0.875 0.125 0.111328125
3 0.6083984375 0.7685546875 0.1123046875 0.1171875
2 0.9404296875 0.568359375 0.107421875 0.1044921875
3 0.939453125 0.5673828125 0.109375 0.103515625
3 0.9033203125 0.072265625 0.193359375 0.1435546875
1 0.720703125 0.478515625 0.193359375 0.2158203125
2 0.7529296875 0.0439453125 0.1875 0.087890625
3 0.337890625 0.9892578125 0.0908203125 0.021484375
3 0.7412109375 0.986328125 0.1123046875 0.0263671875
3 0.900390625 0.1845703125 0.1123046875 0.099609375
3 0.75390625 0.0439453125 0.193359375 0.0859375
3 0.447265625 0.7421875 0.171875 0.205078125
3 0.490234375 0.6220703125 0.1171875 0.109375
3 0.91796875 0.873046875 0.0576171875 0.0576171875
3 0.904296875 0.6396484375 0.1904296875 0.275390625
3 0.8671875 0.2197265625 0.1845703125 0.193359375
3 0.1162109375 0.4287109375 0.0986328125 0.095703125
3 0.7333984375 0.439453125 0.1435546875 0.1328125
3 0.5244140625 0.9794921875 0.1123046875 0.0390625
1 0.0126953125 0.8271484375 0.0234375 0.1171875
3 0.3544921875 0.9814453125 0.123046875 0.037109375
3 0.5166015625 0.5380859375 0.1201171875 0.1201171875
3 0.9541015625 0.0703125 0.091796875 0.140625
2 0.69921875 0.0966796875 0.130859375 0.107421875
3 0.626953125 0.60546875 0.0751953125 0.0654296875
3 0.833984375 0.7841796875 0.140625 0.1123046875
3 0.0107421875 0.822265625 0.021484375 0.0986328125
1 0.2587890625 0.5244140625 0.173828125 0.1982421875