3 0.6455078125 0.755859375 0.0830078125 0.0830078125
1 0.6083984375 0.298828125 0.0625 0.083984375
3 0.927734375 0.2451171875 0.0888671875 0.0810546875
3 0.7998046875 0.259765625 0.109375 0.1171875
1 0.50390625 0.833984375 0.0986328125 0.1328125
3 0.798828125 0.4560546875 0.111328125 0.1298828125
1 0.7080078125 0.9697265625 0.091796875 0.060546875
3 0.49609375 0.732421875 0.0859375 0.064453125
1 0.728515625 0.869140625 0.0986328125 0.09375
1 0.4443359375 0.876953125 0.056640625 0.060546875
1 0.9345703125 0.5283203125 0.1201171875 0.146484375
1 0.751953125 0.5966796875 0.0625 0.064453125
3 0.982421875 0.4619140625 0.0341796875 0.091796875
1 0.849609375 0.3701171875 0.1015625 0.095703125
1 0.49609375 0.732421875 0.0908203125 0.064453125
1 0.7265625 0.9541015625 0.13671875 0.091796875
3 0.9775390625 0.4365234375 0.0439453125 0.1513671875
3 0.728515625 0.8701171875 0.0986328125 0.095703125
1 0.861328125 0.384765625 0.072265625 0.068359375
1 0.716796875 0.6328125 0.1689453125 0.181640625
3 0.935546875 0.5283203125 0.1201171875 0.1435546875
1 0.4677734375 0.322265625 0.107421875 0.125