3 0.1640625 0.353515625 0.1376953125 0.1328125
3 0.2861328125 0.462890625 0.138671875 0.140625
3 0.9384765625 0.171875 0.123046875 0.146484375
3 0.25 0.626953125 0.1435546875 0.142578125
3 0.724609375 0.2978515625 0.150390625 0.146484375
3 0.5068359375 0.3232421875 0.1328125 0.1357421875
3 0.1044921875 0.298828125 0.1328125 0.1298828125
3 0.2236328125 0.408203125 0.146484375 0.140625
3 0.876953125 0.1162109375 0.1279296875 0.134765625
3 0.634765625 0.4248046875 0.138671875 0.1513671875
3 0.44140625 0.263671875 0.1435546875 0.15625
3 0.759765625 0.8916015625 0.1455078125 0.1279296875
3 0.484375 0.61328125 0.134765625 0.134765625
3 0.66796875 0.2353515625 0.1220703125 0.1220703125
3 0.2216796875 0.9248046875 0.1455078125 0.150390625
3 0.802734375 0.068359375 0.1201171875 0.1220703125
3 0.5478515625 0.6728515625 0.140625 0.150390625
3 0.857421875 0.3994140625 0.134765625 0.140625
3 0.2412109375 0.11328125 0.1376953125 0.1513671875
3 0.458984375 0.0888671875 0.1455078125 0.1484375
3 0.560546875 0.3740234375 0.1220703125 0.1357421875
3 0.365234375 0.2294921875 0.111328125 0.1171875
3 0.4287109375 0.552734375 0.115234375 0.1171875
3 0.3662109375 0.5009765625 0.1171875 0.115234375
3 0.052734375 0.4921875 0.1044921875 0.123046875
3 0.1630859375 0.8505859375 0.109375 0.1142578125
3 0.7021484375 0.4755859375 0.140625 0.1689453125
3 0.806640625 0.3359375 0.103515625 0.099609375
3 0.171875 0.591796875 0.119140625 0.1171875
3 0.6015625 0.1826171875 0.1123046875 0.1142578125
3 0.2890625 0.9501953125 0.1328125 0.099609375
3 0.107421875 0.537109375 0.1123046875 0.1123046875
3 0.443359375 0.7861328125 0.1484375 0.162109375
3 0.166015625 0.076171875 0.1201171875 0.1123046875
3 0.796875 0.8125 0.1123046875 0.107421875
3 0.052734375 0.248046875 0.1044921875 0.1484375
3 0.390625 0.052734375 0.1455078125 0.103515625
3 0.7412109375 0.0380859375 0.125 0.076171875
3 0.37109375 0.7412109375 0.125 0.1328125
3 0.7783203125 0.525390625 0.154296875 0.158203125
3 0.2998046875 0.1767578125 0.1171875 0.119140625
3 0.49609375 0.853515625 0.107421875 0.1123046875
3 0.0439453125 0.74609375 0.0859375 0.1171875
3 0.3154296875 0.6826171875 0.142578125 0.1455078125
3 0.9482421875 0.6259765625 0.103515625 0.1201171875
3 0.9697265625 0.2255859375 0.0595703125 0.154296875
3 0.1044921875 0.0380859375 0.1123046875 0.0751953125
3 0.97265625 0.5498046875 0.052734375 0.1298828125
3 0.5302734375 0.138671875 0.1484375 0.158203125
3 0.05078125 0.974609375 0.1015625 0.0498046875
3 0.6181640625 0.712890625 0.109375 0.1123046875
3 0.0205078125 0.177734375 0.041015625 0.1201171875
3 0.033203125 0.4189453125 0.06640625 0.162109375
3 0.919921875 0.693359375 0.1513671875 0.1435546875
3 0.146484375 0.9736328125 0.11328125 0.052734375
3 0.0185546875 0.94140625 0.037109375 0.1171875
3 0.095703125 0.7978515625 0.123046875 0.1279296875
3 0.0498046875 0.013671875 0.099609375 0.02734375
3 0.357421875 0.978515625 0.130859375 0.0419921875
3 0.6318359375 0.970703125 0.123046875 0.0576171875
3 0.865234375 0.7646484375 0.150390625 0.1513671875
3 0.6787109375 0.01171875 0.1376953125 0.021484375
3 0.314453125 0.02734375 0.1533203125 0.0546875
3 0.892578125 0.73046875 0.2138671875 0.2236328125
3 0.037109375 0.8427734375 0.0546875 0.0546875
3 0.013671875 0.7001953125 0.02734375 0.111328125
3 0.021484375 0.404296875 0.041015625 0.115234375
3 0.09765625 0.4453125 0.056640625 0.060546875
1 0.9208984375 0.013671875 0.130859375 0.02734375
3 0.365234375 0.642578125 0.068359375 0.064453125
3 0.01171875 0.388671875 0.0234375 0.083984375
3 0.9697265625 0.0185546875 0.060546875 0.037109375
3 0.2861328125 0.0107421875 0.1298828125 0.021484375
3 0.9091796875 0.0107421875 0.1015625 0.021484375
3 0.576171875 0.6904296875 0.208984375 0.203125