1 0.9423828125 0.1728515625 0.115234375 0.126953125
3 0.1044921875 0.4267578125 0.1357421875 0.162109375
3 0.947265625 0.4189453125 0.1044921875 0.1279296875
3 0.822265625 0.345703125 0.166015625 0.185546875
3 0.9404296875 0.5146484375 0.107421875 0.091796875
3 0.8984375 0.3857421875 0.1064453125 0.1171875
0 0.1279296875 0.103515625 0.2060546875 0.2060546875
1 0.9580078125 0.888671875 0.083984375 0.14453125
1 0.39453125 0.091796875 0.140625 0.126953125
1 0.908203125 0.6943359375 0.1015625 0.0966796875
2 0.037109375 0.8427734375 0.0732421875 0.177734375
3 0.2099609375 0.6875 0.154296875 0.158203125
1 0.208984375 0.6875 0.158203125 0.1611328125
3 0.0283203125 0.5478515625 0.056640625 0.126953125
3 0.6484375 0.25 0.076171875 0.1953125
0 0.119140625 0.189453125 0.2265625 0.376953125
3 0.103515625 0.7421875 0.0986328125 0.095703125
1 0.4248046875 0.1962890625 0.109375 0.091796875
1 0.2724609375 0.248046875 0.0830078125 0.076171875
3 0.306640625 0.1552734375 0.123046875 0.125
3 0.4248046875 0.197265625 0.1044921875 0.0859375
3 0.3955078125 0.09375 0.1376953125 0.125
3 0.9892578125 0.5751953125 0.0205078125 0.125
3 0.0634765625 0.9697265625 0.099609375 0.060546875
3 0.2724609375 0.2470703125 0.0810546875 0.0732421875
2 0.2119140625 0.6875 0.154296875 0.158203125
2 0.0302734375 0.5458984375 0.060546875 0.138671875
3 0.7412109375 0.2919921875 0.1533203125 0.1904296875
1 0.064453125 0.9697265625 0.103515625 0.060546875
3 0.9775390625 0.4541015625 0.0439453125 0.123046875
3 0.9404296875 0.611328125 0.1171875 0.1220703125
0 0.1826171875 0.123046875 0.0986328125 0.1533203125
2 0.064453125 0.9697265625 0.103515625 0.0595703125
2 0.025390625 0.103515625 0.05078125 0.1640625