3 0.2919921875 0.583984375 0.126953125 0.119140625
3 0.9423828125 0.6572265625 0.115234375 0.166015625
3 0.904296875 0.044921875 0.1435546875 0.0888671875
3 0.087890625 0.5458984375 0.0966796875 0.1015625
3 0.1298828125 0.099609375 0.1201171875 0.1201171875
3 0.646484375 0.396484375 0.140625 0.1376953125
3 0.197265625 0.853515625 0.119140625 0.1064453125
3 0.2646484375 0.248046875 0.1220703125 0.1220703125
3 0.3212890625 0.4931640625 0.1064453125 0.109375
3 0.8740234375 0.1015625 0.115234375 0.1142578125
3 0.5478515625 0.5615234375 0.123046875 0.119140625
3 0.7197265625 0.3134765625 0.1142578125 0.115234375
3 0.76171875 0.2421875 0.1201171875 0.1201171875
3 0.3798828125 0.43359375 0.109375 0.1142578125
3 0.080078125 0.1640625 0.1064453125 0.099609375
3 0.8017578125 0.87890625 0.0986328125 0.119140625
3 0.642578125 0.853515625 0.109375 0.1455078125
3 0.9326171875 0.369140625 0.134765625 0.1513671875
3 0.5556640625 0.2333984375 0.154296875 0.1533203125
3 0.5908203125 0.484375 0.1376953125 0.1376953125
3 0.1220703125 0.466796875 0.1044921875 0.1015625
3 0.189453125 0.044921875 0.150390625 0.0888671875
3 0.4794921875 0.634765625 0.115234375 0.1064453125
3 0.455078125 0.7099609375 0.0966796875 0.1044921875
3 0.7333984375 0.8427734375 0.0595703125 0.080078125
3 0.177734375 0.396484375 0.1142578125 0.1142578125
3 0.677734375 0.0322265625 0.1171875 0.0625
3 0.9599609375 0.2880859375 0.080078125 0.1123046875
3 0.818359375 0.4931640625 0.103515625 0.109375
3 0.04296875 0.236328125 0.0859375 0.1220703125
3 0.818359375 0.177734375 0.083984375 0.0751953125
3 0.576171875 0.9765625 0.09375 0.046875
3 0.048828125 0.62109375 0.0966796875 0.1142578125
3 0.021484375 0.7978515625 0.04296875 0.099609375
3 0.9814453125 0.220703125 0.037109375 0.1171875
3 0.32421875 0.1708984375 0.1142578125 0.107421875
3 0.427734375 0.357421875 0.1044921875 0.09375
3 0.220703125 0.763671875 0.1279296875 0.1220703125
3 0.361328125 0.958984375 0.125 0.0810546875
3 0.4306640625 0.044921875 0.154296875 0.08984375
3 0.9619140625 0.9775390625 0.076171875 0.044921875
3 0.2509765625 0.6728515625 0.1455078125 0.126953125
3 0.3681640625 0.103515625 0.1298828125 0.125
3 0.7275390625 0.626953125 0.1015625 0.0986328125
3 0.029296875 0.716796875 0.0576171875 0.0830078125
3 0.171875 0.9306640625 0.109375 0.091796875
1 0.2490234375 0.6728515625 0.1533203125 0.1298828125
3 0.87109375 0.423828125 0.1064453125 0.107421875
3 0.416015625 0.8046875 0.0986328125 0.107421875
3 0.0224609375 0.6103515625 0.044921875 0.0859375
3 0.83203125 0.7060546875 0.0517578125 0.056640625
3 0.3505859375 0.1328125 0.1748046875 0.1904296875
3 0.0244140625 0.904296875 0.048828125 0.1220703125
3 0.32421875 0.958984375 0.048828125 0.0751953125
3 0.6416015625 0.09375 0.201171875 0.185546875
3 0.7255859375 0.982421875 0.1044921875 0.0341796875
3 0.2275390625 0.3193359375 0.1015625 0.095703125
3 0.5986328125 0.966796875 0.1484375 0.064453125
3 0.474609375 0.283203125 0.1064453125 0.111328125
3 0.783203125 0.5693359375 0.1484375 0.1435546875
3 0.650390625 0.6416015625 0.046875 0.048828125
3 0.171875 0.98046875 0.1328125 0.0390625
3 0.4765625 0.013671875 0.091796875 0.0263671875
3 0.5859375 0.12890625 0.083984375 0.072265625
3 0.021484375 0.3251953125 0.04296875 0.126953125
3 0.521484375 0.3359375 0.0751953125 0.068359375
3 0.1767578125 0.2802734375 0.076171875 0.083984375
3 0.9775390625 0.904296875 0.044921875 0.1279296875
1 0.384765625 0.876953125 0.0732421875 0.0673828125
3 0.630859375 0.0703125 0.111328125 0.109375