3 0.376953125 0.138671875 0.1513671875 0.15625
3 0.5869140625 0.296875 0.1376953125 0.1455078125
3 0.71875 0.5625 0.1376953125 0.142578125
3 0.740234375 0.3828125 0.130859375 0.1279296875
3 0.8916015625 0.203125 0.134765625 0.146484375
3 0.8232421875 0.1484375 0.1328125 0.1435546875
3 0.673828125 0.0625 0.1279296875 0.125
3 0.57421875 0.4541015625 0.125 0.1279296875
3 0.5810546875 0.75390625 0.1455078125 0.150390625
3 0.51953125 0.236328125 0.138671875 0.146484375
3 0.791015625 0.904296875 0.154296875 0.1591796875
3 0.8056640625 0.455078125 0.140625 0.1533203125
3 0.455078125 0.1806640625 0.134765625 0.142578125
3 0.4111328125 0.8125 0.138671875 0.146484375
3 0.935546875 0.7197265625 0.1279296875 0.126953125
3 0.517578125 0.689453125 0.1376953125 0.1484375
3 0.337890625 0.744140625 0.134765625 0.1435546875
3 0.9462890625 0.248046875 0.107421875 0.150390625
3 0.3037109375 0.0791015625 0.1376953125 0.138671875
3 0.6640625 0.3349609375 0.1298828125 0.1328125
3 0.7431640625 0.1103515625 0.119140625 0.1220703125
3 0.224609375 0.4921875 0.138671875 0.142578125
3 0.6435546875 0.509765625 0.134765625 0.1357421875
3 0.07421875 0.099609375 0.142578125 0.1455078125
3 0.166015625 0.4306640625 0.115234375 0.125
3 0.4423828125 0.63671875 0.123046875 0.123046875
3 0.21875 0.2001953125 0.119140625 0.1201171875
3 0.2890625 0.544921875 0.1484375 0.166015625
3 0.4912109375 0.869140625 0.1455078125 0.1513671875
3 0.353515625 0.3125 0.1201171875 0.115234375
3 0.2861328125 0.25 0.1201171875 0.123046875
3 0.2958984375 0.966796875 0.1220703125 0.0654296875
3 0.140625 0.158203125 0.111328125 0.1142578125
3 0.0927734375 0.3779296875 0.1357421875 0.1484375
3 0.712890625 0.861328125 0.1376953125 0.1435546875
3 0.943359375 0.5322265625 0.1123046875 0.146484375
3 0.5517578125 0.9345703125 0.1142578125 0.109375
3 0.900390625 0.052734375 0.1171875 0.1044921875
3 0.580078125 0.0361328125 0.171875 0.072265625
3 0.498046875 0.408203125 0.1171875 0.1171875
3 0.6337890625 0.955078125 0.1279296875 0.0888671875
3 0.236328125 0.703125 0.1171875 0.125
3 0.94140625 0.9755859375 0.115234375 0.048828125
3 0.23828125 0.0458984375 0.1357421875 0.0908203125
3 0.87890625 0.9462890625 0.1220703125 0.107421875
3 0.791015625 0.619140625 0.1279296875 0.1357421875
1 0.654296875 0.8046875 0.1455078125 0.1435546875
3 0.1181640625 0.91796875 0.1279296875 0.1455078125
3 0.228515625 0.9365234375 0.126953125 0.126953125
3 0.1357421875 0.70703125 0.0888671875 0.083984375
3 0.025390625 0.0625 0.048828125 0.125
3 0.373046875 0.583984375 0.1220703125 0.119140625
3 0.88671875 0.4970703125 0.1220703125 0.1201171875
3 0.9814453125 0.3056640625 0.037109375 0.134765625
3 0.8662109375 0.6552734375 0.1376953125 0.150390625
3 0.154296875 0.021484375 0.1533203125 0.041015625
3 0.04296875 0.73046875 0.0810546875 0.0830078125
3 0.4267578125 0.361328125 0.109375 0.1064453125
3 0.5068359375 0.841796875 0.1015625 0.0986328125
3 0.958984375 0.080078125 0.080078125 0.1064453125
3 0.828125 0.029296875 0.12890625 0.05859375
3 0.97265625 0.5986328125 0.0546875 0.1455078125
3 0.052734375 0.51953125 0.10546875 0.1015625
3 0.9892578125 0.1494140625 0.021484375 0.1435546875
3 0.1533203125 0.9814453125 0.107421875 0.037109375
3 0.806640625 0.6396484375 0.087890625 0.0888671875
3 0.654296875 0.806640625 0.1455078125 0.1455078125
3 0.0078125 0.42578125 0.015625 0.1064453125
3 0.103515625 0.3564453125 0.103515625 0.0966796875
3 0.8203125 0.015625 0.1142578125 0.03125
3 0.697265625 0.98828125 0.1357421875 0.0234375
3 0.771484375 0.607421875 0.0859375 0.0966796875
3 0.025390625 0.615234375 0.0498046875 0.1201171875
3 0.970703125 0.0107421875 0.0576171875 0.0205078125
3 0.9619140625 0.2158203125 0.076171875 0.080078125
3 0.888671875 0.623046875 0.091796875 0.076171875
3 0.5419921875 0.0107421875 0.1298828125 0.021484375
1 0.9716796875 0.591796875 0.056640625 0.162109375
1 0.669921875 0.787109375 0.099609375 0.099609375
3 0.0078125 0.306640625 0.013671875 0.134765625
3 0.98046875 0.017578125 0.03515625 0.03515625