3 0.4453125 0.3515625 0.142578125 0.1328125
3 0.7373046875 0.373046875 0.1484375 0.142578125
3 0.91796875 0.4365234375 0.115234375 0.111328125
3 0.8671875 0.193359375 0.134765625 0.125
3 0.6494140625 0.11328125 0.1357421875 0.1279296875
3 0.623046875 0.486328125 0.125 0.1201171875
3 0.5380859375 0.236328125 0.115234375 0.1220703125
3 0.8017578125 0.5400390625 0.123046875 0.1220703125
3 0.8212890625 0.2509765625 0.1298828125 0.125
3 0.4921875 0.291015625 0.1435546875 0.134765625
2 0.0615234375 0.1806640625 0.123046875 0.138671875
3 0.6728515625 0.423828125 0.125 0.1220703125
3 0.9052734375 0.123046875 0.119140625 0.123046875
3 0.21484375 0.595703125 0.119140625 0.1376953125
1 0.3662109375 0.392578125 0.080078125 0.080078125
3 0.9541015625 0.7099609375 0.091796875 0.140625
3 0.8681640625 0.486328125 0.1015625 0.1015625
3 0.5498046875 0.0791015625 0.0986328125 0.107421875
3 0.966796875 0.935546875 0.0654296875 0.109375
3 0.8623046875 0.8212890625 0.1220703125 0.1201171875
3 0.94140625 0.0634765625 0.0859375 0.083984375
3 0.171875 0.55078125 0.091796875 0.091796875
3 0.591796875 0.177734375 0.1279296875 0.109375
3 0.9296875 0.876953125 0.1298828125 0.1376953125
3 0.572265625 0.5458984375 0.1171875 0.119140625
3 0.271484375 0.623046875 0.1123046875 0.109375
3 0.0712890625 0.8466796875 0.123046875 0.1142578125
3 0.525390625 0.6181640625 0.125 0.1123046875
3 0.9716796875 0.025390625 0.056640625 0.0498046875
3 0.759765625 0.0263671875 0.142578125 0.052734375
3 0.9521484375 0.373046875 0.09375 0.1123046875
2 0.0849609375 0.494140625 0.1357421875 0.1171875
3 0.98046875 0.3115234375 0.0390625 0.1279296875
3 0.669921875 0.7255859375 0.125 0.1201171875
3 0.2412109375 0.8935546875 0.091796875 0.0859375
3 0.677734375 0.052734375 0.134765625 0.1044921875
3 0.462890625 0.04296875 0.1669921875 0.0859375
3 0.298828125 0.267578125 0.111328125 0.109375
3 0.791015625 0.3134765625 0.1669921875 0.146484375
3 0.458984375 0.9765625 0.115234375 0.044921875
3 0.763671875 0.296875 0.111328125 0.107421875
2 0.154296875 0.0693359375 0.181640625 0.138671875
3 0.3291015625 0.4619140625 0.171875 0.1611328125
3 0.732421875 0.9775390625 0.130859375 0.044921875
3 0.6416015625 0.0224609375 0.0595703125 0.0439453125
3 0.1005859375 0.7880859375 0.1328125 0.1123046875
3 0.724609375 0.67578125 0.1142578125 0.107421875
3 0.986328125 0.638671875 0.0263671875 0.1123046875
1 0.927734375 0.876953125 0.1298828125 0.1328125
3 0.37109375 0.291015625 0.0908203125 0.0986328125
3 0.318359375 0.87109375 0.1376953125 0.126953125
3 0.2724609375 0.919921875 0.154296875 0.138671875
3 0.3642578125 0.7197265625 0.1201171875 0.1357421875
3 0.408203125 0.095703125 0.142578125 0.130859375
3 0.1708984375 0.9736328125 0.115234375 0.052734375
3 0.4677734375 0.7939453125 0.109375 0.1220703125
3 0.3232421875 0.1630859375 0.1142578125 0.109375
3 0.025390625 0.9384765625 0.05078125 0.111328125
3 0.388671875 0.080078125 0.099609375 0.09375
3 0.3271484375 0.279296875 0.1767578125 0.138671875
3 0.6015625 0.677734375 0.0986328125 0.1064453125
3 0.421875 0.439453125 0.0751953125 0.072265625
3 0.5390625 0.8974609375 0.181640625 0.203125
3 0.220703125 0.9541015625 0.09765625 0.091796875
2 0.072265625 0.017578125 0.1015625 0.03515625
3 0.7734375 0.615234375 0.115234375 0.1123046875
2 0.2001953125 0.365234375 0.1669921875 0.1533203125
3 0.4833984375 0.767578125 0.076171875 0.068359375
2 0.021484375 0.2900390625 0.04296875 0.123046875
3 0.0859375 0.494140625 0.1328125 0.119140625
3 0.75390625 0.6435546875 0.1796875 0.181640625
3 0.380859375 0.76171875 0.197265625 0.2294921875
1 0.474609375 0.181640625 0.0888671875 0.091796875
3 0.0390625 0.5869140625 0.078125 0.173828125
1 0.220703125 0.9541015625 0.1015625 0.091796875
3 0.146484375 0.71875 0.171875 0.1591796875
1 0.880859375 0.376953125 0.0576171875 0.0546875
3 0.517578125 0.91015625 0.1328125 0.1328125
3 0.2060546875 0.333984375 0.0986328125 0.083984375
3 0.021484375 0.7841796875 0.0419921875 0.09375
3 0.18359375 0.7021484375 0.1044921875 0.091796875
3 0.974609375 0.1552734375 0.048828125 0.052734375
1 0.5380859375 0.8583984375 0.1796875 0.125
3 0.3935546875 0.4091796875 0.134765625 0.1328125
3 0.474609375 0.181640625 0.091796875 0.09375
3 0.025390625 0.603515625 0.0498046875 0.083984375
3 0.0341796875 0.5546875 0.068359375 0.09375
3 0.82421875 0.5625 0.0732421875 0.0751953125
3 0.7177734375 0.568359375 0.0859375 0.0888671875
3 0.64453125 0.5087890625 0.0732421875 0.0732421875