2 0.064453125 0.9306640625 0.1279296875 0.138671875
2 0.6552734375 0.060546875 0.107421875 0.1015625
3 0.9150390625 0.8046875 0.1298828125 0.115234375
2 0.224609375 0.2724609375 0.09375 0.0703125
2 0.3818359375 0.248046875 0.2314453125 0.216796875
2 0.0693359375 0.4404296875 0.138671875 0.2294921875
2 0.658203125 0.5029296875 0.140625 0.1611328125
1 0.6943359375 0.7919921875 0.1064453125 0.1201171875
2 0.4580078125 0.7197265625 0.189453125 0.2216796875
2 0.2548828125 0.384765625 0.064453125 0.0625
1 0.9599609375 0.337890625 0.080078125 0.087890625
0 0.064453125 0.927734375 0.12890625 0.140625
2 0.1982421875 0.064453125 0.298828125 0.126953125
3 0.7548828125 0.619140625 0.0810546875 0.0751953125
2 0.53125 0.09765625 0.205078125 0.173828125
3 0.9287109375 0.3837890625 0.0966796875 0.080078125
2 0.564453125 0.5615234375 0.0751953125 0.076171875
3 0.830078125 0.7119140625 0.1611328125 0.1533203125
2 0.494140625 0.0830078125 0.115234375 0.1123046875
1 0.6298828125 0.837890625 0.1298828125 0.140625
1 0.92578125 0.580078125 0.1357421875 0.1328125
1 0.9150390625 0.927734375 0.095703125 0.0830078125
2 0.5634765625 0.640625 0.140625 0.1279296875
2 0.205078125 0.3310546875 0.134765625 0.1064453125
2 0.390625 0.74609375 0.3232421875 0.2763671875
2 0.46875 0.6201171875 0.1064453125 0.1044921875
2 0.498046875 0.9052734375 0.150390625 0.150390625
0 0.49609375 0.9052734375 0.1484375 0.1513671875
0 0.2548828125 0.9658203125 0.103515625 0.0673828125
3 0.7998046875 0.6884765625 0.09375 0.09375
3 0.9150390625 0.927734375 0.095703125 0.083984375
3 0.61328125 0.693359375 0.15625 0.1376953125
3 0.630859375 0.8388671875 0.126953125 0.142578125
2 0.611328125 0.689453125 0.1533203125 0.140625
0 0.0693359375 0.4365234375 0.138671875 0.2294921875
0 0.3916015625 0.74609375 0.3203125 0.271484375
2 0.0185546875 0.0849609375 0.037109375 0.1689453125
3 0.5576171875 0.6474609375 0.1328125 0.1123046875