1 0.7900390625 0.0458984375 0.109375 0.091796875
1 0.2080078125 0.4658203125 0.0625 0.0625
1 0.158203125 0.5185546875 0.1015625 0.0986328125
3 0.0341796875 0.4306640625 0.068359375 0.0673828125
1 0.0517578125 0.8408203125 0.0966796875 0.091796875
3 0.0849609375 0.919921875 0.0986328125 0.091796875
2 0.02734375 0.044921875 0.0546875 0.08984375
1 0.9541015625 0.1806640625 0.091796875 0.1015625
3 0.255859375 0.412109375 0.0390625 0.0517578125
1 0.310546875 0.3408203125 0.044921875 0.056640625
3 0.275390625 0.3994140625 0.087890625 0.083984375
3 0.1689453125 0.77734375 0.087890625 0.0888671875
1 0.177734375 0.880859375 0.0986328125 0.0859375
3 0.248046875 0.7138671875 0.09375 0.0908203125