3 0.65234375 0.283203125 0.162109375 0.154296875
3 0.541015625 0.146484375 0.1513671875 0.150390625
3 0.123046875 0.841796875 0.1435546875 0.1357421875
3 0.560546875 0.3984375 0.1533203125 0.1435546875
3 0.177734375 0.916015625 0.1435546875 0.1298828125
3 0.216796875 0.341796875 0.166015625 0.1533203125
3 0.3447265625 0.130859375 0.1328125 0.125
3 0.3857421875 0.203125 0.125 0.125
3 0.2880859375 0.06640625 0.1376953125 0.125
3 0.60546875 0.216796875 0.140625 0.1376953125
3 0.48828125 0.068359375 0.1328125 0.1279296875
3 0.107421875 0.1923828125 0.130859375 0.130859375
3 0.87109375 0.919921875 0.1220703125 0.123046875
3 0.408203125 0.8515625 0.142578125 0.134765625
3 0.0439453125 0.708984375 0.087890625 0.1357421875
3 0.068359375 0.783203125 0.1357421875 0.142578125
3 0.470703125 0.9013671875 0.146484375 0.138671875
3 0.609375 0.4609375 0.1298828125 0.1298828125
3 0.2578125 0.638671875 0.177734375 0.1611328125
3 0.94921875 0.298828125 0.1015625 0.1298828125
3 0.6689453125 0.5380859375 0.15625 0.15625
3 0.298828125 0.720703125 0.1328125 0.126953125
3 0.326171875 0.484375 0.142578125 0.1435546875
3 0.7939453125 0.9482421875 0.150390625 0.1015625
3 0.6552734375 0.84375 0.095703125 0.1279296875
3 0.49609375 0.337890625 0.119140625 0.1142578125
3 0.447265625 0.259765625 0.1298828125 0.119140625
3 0.388671875 0.5478515625 0.1201171875 0.115234375
3 0.9375 0.861328125 0.125 0.125
3 0.904296875 0.2158203125 0.150390625 0.130859375
3 0.92578125 0.6142578125 0.146484375 0.181640625
3 0.1591796875 0.501953125 0.1611328125 0.142578125
3 0.73828125 0.798828125 0.1044921875 0.109375
3 0.435546875 0.623046875 0.1513671875 0.150390625
3 0.03125 0.939453125 0.0625 0.1201171875
3 0.2353515625 0.0283203125 0.1279296875 0.0546875
3 0.2783203125 0.404296875 0.1171875 0.1142578125
3 0.234375 0.9560546875 0.134765625 0.0859375
3 0.5087890625 0.9638671875 0.1123046875 0.072265625
3 0.7900390625 0.705078125 0.09375 0.0966796875
3 0.365234375 0.7744140625 0.1640625 0.15625
3 0.0615234375 0.107421875 0.1201171875 0.1220703125
3 0.080078125 0.4423828125 0.134765625 0.138671875
3 0.7978515625 0.064453125 0.140625 0.1279296875
3 0.0283203125 0.056640625 0.0546875 0.1123046875
3 0.9658203125 0.0869140625 0.068359375 0.173828125
3 0.865234375 0.1259765625 0.1611328125 0.1533203125
3 0.1416015625 0.4072265625 0.0751953125 0.078125
3 0.853515625 0.658203125 0.109375 0.1171875
3 0.708984375 0.373046875 0.158203125 0.162109375
3 0.95703125 0.7275390625 0.0859375 0.1484375
3 0.5498046875 0.771484375 0.0986328125 0.0908203125
3 0.1689453125 0.2451171875 0.1064453125 0.09375
3 0.421875 0.021484375 0.126953125 0.0419921875
3 0.0341796875 0.2705078125 0.0673828125 0.1455078125
3 0.556640625 0.802734375 0.130859375 0.162109375
3 0.4912109375 0.693359375 0.134765625 0.1328125
3 0.9326171875 0.025390625 0.130859375 0.0498046875
3 0.0205078125 0.6318359375 0.041015625 0.1171875
3 0.6015625 0.978515625 0.1123046875 0.041015625
3 0.7412109375 0.0302734375 0.125 0.0595703125
1 0.1982421875 0.5830078125 0.115234375 0.1044921875
3 0.048828125 0.9853515625 0.09765625 0.029296875
3 0.201171875 0.4794921875 0.080078125 0.078125
3 0.7763671875 0.4482421875 0.154296875 0.1455078125
3 0.2822265625 0.990234375 0.1591796875 0.017578125
3 0.1103515625 0.9892578125 0.087890625 0.021484375
3 0.046875 0.357421875 0.09375 0.134765625
3 0.11328125 0.298828125 0.041015625 0.0390625
1 0.041015625 0.357421875 0.08203125 0.12109375
3 0.7392578125 0.4072265625 0.2314453125 0.236328125
3 0.712890625 0.9833984375 0.130859375 0.03125