1 0.7880859375 0.146484375 0.125 0.1298828125
3 0.47265625 0.7626953125 0.0966796875 0.1220703125
1 0.8984375 0.150390625 0.083984375 0.091796875
1 0.67578125 0.5498046875 0.107421875 0.134765625
3 0.892578125 0.54296875 0.111328125 0.1357421875
3 0.21875 0.8017578125 0.1484375 0.126953125
3 0.625 0.763671875 0.09375 0.0986328125
3 0.4013671875 0.294921875 0.1044921875 0.103515625
1 0.2587890625 0.20703125 0.1142578125 0.134765625
3 0.8896484375 0.8876953125 0.048828125 0.033203125
3 0.8486328125 0.95703125 0.126953125 0.0859375
3 0.6357421875 0.935546875 0.099609375 0.0986328125
3 0.353515625 0.1669921875 0.1044921875 0.0986328125
1 0.373046875 0.1748046875 0.1533203125 0.125
3 0.396484375 0.505859375 0.1376953125 0.1591796875
3 0.8671875 0.359375 0.1220703125 0.1298828125
3 0.3232421875 0.556640625 0.0390625 0.044921875
3 0.021484375 0.9306640625 0.0419921875 0.1064453125
3 0.978515625 0.525390625 0.0419921875 0.1328125
1 0.416015625 0.1953125 0.0654296875 0.0654296875
3 0.9794921875 0.326171875 0.041015625 0.1279296875
3 0.31640625 0.89453125 0.0888671875 0.0859375
1 0.396484375 0.5078125 0.1357421875 0.162109375
1 0.953125 0.017578125 0.09375 0.0341796875
1 0.060546875 0.3984375 0.0908203125 0.0986328125
1 0.3896484375 0.017578125 0.083984375 0.0341796875
1 0.216796875 0.802734375 0.1513671875 0.1298828125
3 0.7666015625 0.224609375 0.046875 0.046875