2 0.2509765625 0.833984375 0.2626953125 0.1982421875
2 0.1650390625 0.5 0.189453125 0.1640625
3 0.89453125 0.095703125 0.1455078125 0.1484375
2 0.0400390625 0.888671875 0.078125 0.109375
3 0.373046875 0.2080078125 0.154296875 0.158203125
3 0.599609375 0.3603515625 0.1640625 0.162109375
3 0.45703125 0.0927734375 0.1640625 0.1748046875
3 0.326171875 0.048828125 0.130859375 0.0966796875
3 0.779296875 0.0556640625 0.1513671875 0.109375
3 0.4755859375 0.2783203125 0.1611328125 0.166015625
3 0.158203125 0.08984375 0.1435546875 0.1689453125
3 0.2578125 0.140625 0.158203125 0.169921875
2 0.251953125 0.677734375 0.109375 0.1015625
3 0.765625 0.2978515625 0.15625 0.1748046875
3 0.705078125 0.427734375 0.1533203125 0.154296875
3 0.9443359375 0.03125 0.111328125 0.0625
2 0.669921875 0.892578125 0.1923828125 0.2080078125
3 0.8798828125 0.5537109375 0.1689453125 0.171875
0 0.7890625 0.6982421875 0.421875 0.46875
2 0.447265625 0.5146484375 0.412109375 0.2919921875
3 0.5341796875 0.138671875 0.0859375 0.0986328125
2 0.0439453125 0.435546875 0.0859375 0.1455078125
3 0.9345703125 0.4306640625 0.130859375 0.150390625
3 0.7958984375 0.9423828125 0.130859375 0.115234375
3 0.630859375 0.216796875 0.1142578125 0.1328125
2 0.794921875 0.9423828125 0.123046875 0.1142578125
3 0.072265625 0.048828125 0.1435546875 0.095703125
2 0.3544921875 0.7509765625 0.3359375 0.2421875
3 0.1904296875 0.341796875 0.109375 0.111328125
3 0.462890625 0.248046875 0.103515625 0.1064453125
3 0.5654296875 0.1669921875 0.142578125 0.162109375
1 0.716796875 0.1982421875 0.076171875 0.0751953125
3 0.681640625 0.408203125 0.0888671875 0.109375
3 0.705078125 0.0205078125 0.1376953125 0.041015625
3 0.966796875 0.62109375 0.064453125 0.177734375
3 0.681640625 0.2587890625 0.109375 0.119140625
3 0.4287109375 0.068359375 0.09375 0.111328125
2 0.1240234375 0.298828125 0.248046875 0.2109375
3 0.224609375 0.017578125 0.15625 0.03515625
3 0.123046875 0.2958984375 0.24609375 0.216796875
3 0.98046875 0.3447265625 0.0390625 0.130859375
3 0.0556640625 0.25390625 0.111328125 0.1171875
3 0.201171875 0.0087890625 0.115234375 0.015625
2 0.462890625 0.8095703125 0.1044921875 0.095703125
3 0.3984375 0.654296875 0.3173828125 0.2470703125
3 0.853515625 0.8291015625 0.1748046875 0.166015625
3 0.5732421875 0.326171875 0.0810546875 0.080078125
2 0.4091796875 0.658203125 0.3798828125 0.298828125
0 0.4091796875 0.6572265625 0.337890625 0.248046875