3 0.7294921875 0.2900390625 0.171875 0.1669921875
3 0.8828125 0.4892578125 0.171875 0.1669921875
3 0.423828125 0.544921875 0.1669921875 0.1689453125
3 0.791015625 0.5693359375 0.166015625 0.1669921875
3 0.0732421875 0.322265625 0.146484375 0.173828125
3 0.88671875 0.892578125 0.173828125 0.1748046875
3 0.5234375 0.443359375 0.1484375 0.154296875
3 0.0830078125 0.501953125 0.150390625 0.1640625
3 0.154296875 0.224609375 0.146484375 0.1513671875
3 0.2646484375 0.1591796875 0.146484375 0.1591796875
3 0.1796875 0.41796875 0.158203125 0.146484375
3 0.580078125 0.0986328125 0.1748046875 0.166015625
3 0.3955078125 0.2470703125 0.150390625 0.134765625
3 0.0341796875 0.564453125 0.068359375 0.1533203125
3 0.603515625 0.7490234375 0.1796875 0.1748046875
3 0.359375 0.0634765625 0.140625 0.126953125
3 0.232421875 0.7197265625 0.1845703125 0.181640625
3 0.931640625 0.3779296875 0.1357421875 0.181640625
3 0.298828125 0.9462890625 0.142578125 0.1064453125
3 0.349609375 0.6259765625 0.185546875 0.171875
3 0.052734375 0.0595703125 0.10546875 0.119140625
3 0.3984375 0.9169921875 0.173828125 0.166015625
3 0.474609375 0.169921875 0.1767578125 0.162109375
3 0.3515625 0.7841796875 0.0830078125 0.0859375
3 0.28125 0.3291015625 0.1669921875 0.173828125
3 0.4921875 0.818359375 0.166015625 0.1923828125
3 0.7958984375 0.9619140625 0.1591796875 0.076171875
3 0.044921875 0.8525390625 0.08984375 0.134765625
3 0.623046875 0.3720703125 0.166015625 0.166015625
3 0.697265625 0.6708984375 0.2080078125 0.2060546875
3 0.4912109375 0.037109375 0.1123046875 0.0732421875
1 0.677734375 0.046875 0.1484375 0.09375
3 0.833984375 0.2109375 0.181640625 0.1748046875
3 0.677734375 0.0478515625 0.1484375 0.09375
3 0.9794921875 0.08984375 0.0390625 0.1435546875
3 0.029296875 0.39453125 0.05859375 0.15625
3 0.1708984375 0.8330078125 0.099609375 0.0986328125
3 0.7373046875 0.400390625 0.064453125 0.0625
3 0.146484375 0.9736328125 0.1328125 0.052734375
3 0.4111328125 0.7431640625 0.09375 0.0830078125
3 0.98828125 0.681640625 0.0234375 0.1171875
3 0.923828125 0.017578125 0.134765625 0.0341796875
1 0.9580078125 0.0458984375 0.083984375 0.091796875
3 0.958984375 0.791015625 0.080078125 0.111328125
3 0.126953125 0.7744140625 0.1513671875 0.146484375
3 0.380859375 0.7041015625 0.087890625 0.078125
3 0.4462890625 0.013671875 0.142578125 0.02734375
3 0.740234375 0.7138671875 0.123046875 0.111328125
3 0.404296875 0.11328125 0.068359375 0.0595703125
3 0.0751953125 0.9814453125 0.0703125 0.037109375
3 0.1318359375 0.0087890625 0.119140625 0.017578125
3 0.1845703125 0.7685546875 0.2998046875 0.2734375
3 0.6162109375 0.1123046875 0.091796875 0.083984375
3 0.412109375 0.150390625 0.0595703125 0.056640625
1 0.833984375 0.208984375 0.1845703125 0.171875
3 0.6708984375 0.4638671875 0.0576171875 0.0546875
3 0.955078125 0.3994140625 0.087890625 0.134765625
3 0.4814453125 0.8447265625 0.115234375 0.109375
3 0.017578125 0.3759765625 0.03515625 0.138671875
3 0.01171875 0.943359375 0.0234375 0.1123046875