3 0.138671875 0.4716796875 0.109375 0.1123046875
1 0.7587890625 0.3203125 0.142578125 0.1533203125
1 0.65234375 0.208984375 0.1123046875 0.107421875
3 0.478515625 0.1982421875 0.1298828125 0.1279296875
3 0.197265625 0.916015625 0.1640625 0.1669921875
1 0.654296875 0.65625 0.0830078125 0.0810546875
3 0.353515625 0.8603515625 0.103515625 0.1201171875
3 0.9560546875 0.1142578125 0.083984375 0.138671875
2 0.7060546875 0.880859375 0.296875 0.2373046875
3 0.2080078125 0.6708984375 0.158203125 0.1669921875
1 0.888671875 0.236328125 0.1064453125 0.1064453125
3 0.583984375 0.7705078125 0.142578125 0.1640625
3 0.6455078125 0.298828125 0.0966796875 0.087890625
3 0.3720703125 0.0634765625 0.146484375 0.126953125
3 0.0869140625 0.6181640625 0.173828125 0.1484375
3 0.509765625 0.5947265625 0.1220703125 0.1171875
1 0.2587890625 0.044921875 0.142578125 0.08984375
3 0.802734375 0.458984375 0.2060546875 0.2158203125
3 0.8466796875 0.490234375 0.1015625 0.125
1 0.1337890625 0.0439453125 0.138671875 0.087890625
3 0.888671875 0.236328125 0.1044921875 0.107421875
1 0.818359375 0.09375 0.1015625 0.099609375
3 0.50390625 0.70703125 0.125 0.1220703125
3 0.056640625 0.9775390625 0.11328125 0.041015625
1 0.287109375 0.509765625 0.123046875 0.1142578125
1 0.318359375 0.73046875 0.115234375 0.111328125
1 0.658203125 0.32421875 0.125 0.1435546875
1 0.296875 0.732421875 0.068359375 0.0751953125
1 0.357421875 0.6240234375 0.1044921875 0.1015625
1 0.5107421875 0.59375 0.125 0.119140625
1 0.0986328125 0.169921875 0.080078125 0.076171875
3 0.3056640625 0.521484375 0.076171875 0.078125