2 0.9658203125 0.4931640625 0.068359375 0.2080078125
2 0.9052734375 0.2939453125 0.171875 0.1748046875
2 0.2138671875 0.591796875 0.138671875 0.1435546875
2 0.068359375 0.77734375 0.1357421875 0.2080078125
2 0.244140625 0.830078125 0.072265625 0.076171875
2 0.4091796875 0.400390625 0.216796875 0.2685546875
3 0.359375 0.931640625 0.140625 0.134765625
3 0.2802734375 0.9169921875 0.1357421875 0.166015625
3 0.8427734375 0.9619140625 0.119140625 0.076171875
2 0.7587890625 0.0908203125 0.2734375 0.181640625
0 0.4111328125 0.3935546875 0.216796875 0.2529296875
0 0.068359375 0.7763671875 0.13671875 0.208984375
3 0.7431640625 0.88671875 0.2138671875 0.208984375
2 0.494140625 0.03125 0.1826171875 0.0625
0 0.482421875 0.65234375 0.388671875 0.3076171875
3 0.7861328125 0.9306640625 0.154296875 0.138671875
3 0.5986328125 0.9423828125 0.1220703125 0.1142578125
3 0.916015625 0.02734375 0.119140625 0.0546875
3 0.853515625 0.0419921875 0.1123046875 0.083984375
2 0.9638671875 0.197265625 0.0703125 0.150390625
2 0.2265625 0.2470703125 0.154296875 0.171875
3 0.970703125 0.748046875 0.0576171875 0.1591796875
2 0.177734375 0.9130859375 0.125 0.142578125
0 0.1689453125 0.3291015625 0.3251953125 0.357421875
3 0.46484375 0.9140625 0.0576171875 0.0576171875
3 0.4326171875 0.943359375 0.1328125 0.111328125
3 0.962890625 0.203125 0.0732421875 0.166015625
3 0.1796875 0.9130859375 0.123046875 0.1435546875
0 0.607421875 0.8291015625 0.353515625 0.333984375
2 0.9697265625 0.75 0.060546875 0.15625
1 0.181640625 0.9130859375 0.115234375 0.138671875
3 0.7529296875 0.853515625 0.134765625 0.1376953125