3 0.4150390625 0.240234375 0.134765625 0.1220703125
3 0.3173828125 0.37890625 0.1298828125 0.115234375
3 0.3798828125 0.158203125 0.138671875 0.1298828125
3 0.7880859375 0.681640625 0.1376953125 0.125
3 0.912109375 0.9296875 0.1279296875 0.1328125
3 0.595703125 0.0625 0.150390625 0.125
3 0.103515625 0.474609375 0.1513671875 0.1279296875
3 0.3056640625 0.927734375 0.146484375 0.140625
3 0.068359375 0.388671875 0.1357421875 0.1376953125
3 0.9462890625 0.853515625 0.107421875 0.12109375
3 0.85546875 0.275390625 0.1484375 0.142578125
3 0.353515625 0.458984375 0.1376953125 0.1171875
3 0.8427734375 0.95703125 0.140625 0.083984375
3 0.701171875 0.56640625 0.1484375 0.15625
3 0.208984375 0.7099609375 0.15625 0.1611328125
3 0.658203125 0.2255859375 0.1142578125 0.107421875
3 0.2861328125 0.294921875 0.1298828125 0.1171875
3 0.865234375 0.62890625 0.1064453125 0.109375
3 0.599609375 0.603515625 0.1142578125 0.1142578125
3 0.923828125 0.572265625 0.111328125 0.109375
3 0.0419921875 0.603515625 0.0830078125 0.1142578125
3 0.44140625 0.322265625 0.1376953125 0.1171875
3 0.634765625 0.14453125 0.1357421875 0.1171875
3 0.794921875 0.15234375 0.125 0.111328125
3 0.748046875 0.7421875 0.111328125 0.1123046875
3 0.6767578125 0.8017578125 0.1484375 0.1376953125
3 0.388671875 0.529296875 0.130859375 0.1015625
3 0.73046875 0.025390625 0.1201171875 0.0498046875
3 0.1455078125 0.546875 0.1435546875 0.1171875
3 0.166015625 0.623046875 0.1220703125 0.0966796875
3 0.3515625 0.0810546875 0.109375 0.1044921875
3 0.34765625 0.857421875 0.111328125 0.1123046875
3 0.0458984375 0.314453125 0.091796875 0.1123046875
3 0.4619140625 0.392578125 0.1328125 0.119140625
3 0.544921875 0.7705078125 0.0888671875 0.083984375
3 0.7470703125 0.384765625 0.1669921875 0.1669921875
3 0.5390625 0.6630859375 0.123046875 0.1201171875
3 0.919921875 0.357421875 0.146484375 0.1484375
3 0.4794921875 0.716796875 0.119140625 0.119140625
3 0.97265625 0.3935546875 0.0546875 0.09375
3 0.69921875 0.298828125 0.130859375 0.1220703125
3 0.478515625 0.9775390625 0.107421875 0.044921875
3 0.9775390625 0.794921875 0.044921875 0.140625
3 0.201171875 0.13671875 0.126953125 0.1220703125
3 0.2255859375 0.9638671875 0.109375 0.072265625
3 0.03125 0.228515625 0.0625 0.119140625
3 0.3212890625 0.033203125 0.115234375 0.06640625
3 0.5546875 0.0234375 0.1328125 0.046875
1 0.2578125 0.2099609375 0.146484375 0.134765625
3 0.62890625 0.8720703125 0.107421875 0.1064453125
3 0.1689453125 0.099609375 0.203125 0.1982421875
3 0.7548828125 0.0703125 0.134765625 0.111328125
3 0.953125 0.5009765625 0.091796875 0.142578125
3 0.0517578125 0.6884765625 0.103515625 0.1201171875
3 0.5732421875 0.8271484375 0.0498046875 0.046875
3 0.443359375 0.958984375 0.0732421875 0.0732421875
3 0.7705078125 0.990234375 0.09375 0.0185546875
3 0.9736328125 0.98046875 0.0498046875 0.0390625
3 0.08203125 0.767578125 0.111328125 0.1044921875
3 0.1396484375 0.021484375 0.1376953125 0.0419921875
3 0.8828125 0.427734375 0.056640625 0.0595703125
3 0.0283203125 0.505859375 0.0546875 0.1591796875
3 0.7607421875 0.509765625 0.109375 0.111328125
3 0.9921875 0.435546875 0.013671875 0.140625
3 0.013671875 0.1240234375 0.025390625 0.1064453125
0 0.9365234375 0.08203125 0.126953125 0.1640625
3 0.921875 0.3349609375 0.0966796875 0.091796875
3 0.009765625 0.4453125 0.01953125 0.140625
1 0.7646484375 0.06640625 0.111328125 0.1015625
3 0.9677734375 0.98828125 0.064453125 0.0205078125
3 0.251953125 0.0224609375 0.0986328125 0.044921875
3 0.7666015625 0.9853515625 0.138671875 0.029296875
3 0.6474609375 0.8271484375 0.208984375 0.1982421875