2 0.0693359375 0.517578125 0.138671875 0.138671875
2 0.3779296875 0.728515625 0.1748046875 0.173828125
3 0.8125 0.6025390625 0.0986328125 0.1171875
3 0.9091796875 0.919921875 0.1044921875 0.1015625
3 0.431640625 0.224609375 0.1328125 0.1455078125
1 0.8583984375 0.4541015625 0.1220703125 0.1123046875
3 0.95703125 0.548828125 0.0859375 0.072265625
2 0.189453125 0.927734375 0.154296875 0.140625
3 0.7197265625 0.9580078125 0.103515625 0.083984375
2 0.306640625 0.564453125 0.416015625 0.310546875
3 0.931640625 0.193359375 0.1357421875 0.140625
1 0.72265625 0.0615234375 0.1357421875 0.123046875
2 0.353515625 0.373046875 0.111328125 0.1220703125
1 0.775390625 0.76953125 0.072265625 0.0732421875
2 0.0400390625 0.271484375 0.078125 0.177734375
2 0.4052734375 0.9052734375 0.1513671875 0.142578125
3 0.556640625 0.609375 0.126953125 0.125
0 0.310546875 0.5634765625 0.404296875 0.3125
3 0.68359375 0.3369140625 0.2529296875 0.2265625
2 0.5576171875 0.609375 0.126953125 0.125
3 0.9853515625 0.9775390625 0.029296875 0.044921875
2 0.189453125 0.1962890625 0.1591796875 0.1748046875
1 0.9541015625 0.40625 0.091796875 0.12109375
0 0.19140625 0.9287109375 0.15625 0.142578125
3 0.640625 0.3720703125 0.1611328125 0.1533203125
3 0.353515625 0.373046875 0.107421875 0.123046875
3 0.287109375 0.041015625 0.046875 0.0498046875
3 0.4052734375 0.90625 0.150390625 0.1435546875
3 0.724609375 0.3046875 0.1533203125 0.1513671875
2 0.439453125 0.48046875 0.1220703125 0.125
3 0.9697265625 0.9775390625 0.056640625 0.044921875
1 0.5439453125 0.845703125 0.0595703125 0.060546875
3 0.107421875 0.0380859375 0.1201171875 0.076171875
3 0.44140625 0.48046875 0.123046875 0.126953125
1 0.720703125 0.9580078125 0.1044921875 0.0830078125