1 0.119140625 0.12890625 0.126953125 0.1142578125
3 0.044921875 0.5517578125 0.08984375 0.123046875
3 0.95703125 0.904296875 0.0859375 0.146484375
3 0.775390625 0.5107421875 0.1279296875 0.130859375
3 0.931640625 0.5595703125 0.060546875 0.1015625
3 0.2353515625 0.4736328125 0.126953125 0.126953125
1 0.677734375 0.134765625 0.0751953125 0.0908203125
3 0.951171875 0.177734375 0.0966796875 0.076171875
3 0.4228515625 0.474609375 0.109375 0.0859375
3 0.8447265625 0.57421875 0.091796875 0.107421875
1 0.78515625 0.1962890625 0.087890625 0.064453125
3 0.697265625 0.8876953125 0.1357421875 0.1220703125
3 0.7841796875 0.7919921875 0.107421875 0.111328125
3 0.2978515625 0.814453125 0.1171875 0.1142578125
3 0.935546875 0.099609375 0.1171875 0.0986328125
3 0.984375 0.5595703125 0.03125 0.115234375
3 0.3818359375 0.369140625 0.09375 0.072265625
3 0.341796875 0.1337890625 0.109375 0.119140625
3 0.18359375 0.919921875 0.1533203125 0.1328125
3 0.244140625 0.751953125 0.1171875 0.1201171875
3 0.9140625 0.0400390625 0.1357421875 0.080078125
3 0.0458984375 0.36328125 0.091796875 0.1064453125
3 0.08203125 0.607421875 0.123046875 0.125
3 0.267578125 0.3291015625 0.103515625 0.1015625
3 0.529296875 0.513671875 0.1171875 0.1201171875
1 0.18359375 0.708984375 0.109375 0.109375
3 0.28125 0.541015625 0.123046875 0.1220703125
3 0.138671875 0.65625 0.1171875 0.1298828125
3 0.6044921875 0.849609375 0.1201171875 0.119140625
3 0.419921875 0.0947265625 0.078125 0.091796875
3 0.921875 0.8447265625 0.0986328125 0.107421875
3 0.556640625 0.369140625 0.0673828125 0.078125
3 0.3896484375 0.64453125 0.130859375 0.1298828125
3 0.802734375 0.3447265625 0.080078125 0.0673828125
3 0.3251953125 0.603515625 0.1123046875 0.1123046875
1 0.0595703125 0.8232421875 0.119140625 0.1201171875
3 0.7001953125 0.4169921875 0.1328125 0.1064453125
3 0.12109375 0.8525390625 0.142578125 0.1513671875
1 0.9619140625 0.412109375 0.076171875 0.1142578125
1 0.732421875 0.0380859375 0.119140625 0.076171875
1 0.9765625 0.236328125 0.046875 0.0625
3 0.681640625 0.3369140625 0.1044921875 0.111328125
3 0.767578125 0.11328125 0.0966796875 0.0751953125
1 0.228515625 0.1865234375 0.0654296875 0.087890625
3 0.140625 0.216796875 0.1044921875 0.0908203125
3 0.7490234375 0.947265625 0.103515625 0.1044921875
3 0.1689453125 0.3544921875 0.0986328125 0.0986328125
1 0.375 0.9716796875 0.1298828125 0.056640625
3 0.470703125 0.939453125 0.099609375 0.109375
3 0.611328125 0.6298828125 0.150390625 0.1513671875
3 0.509765625 0.203125 0.1376953125 0.150390625
3 0.962890625 0.3212890625 0.072265625 0.0732421875
1 0.5380859375 0.283203125 0.078125 0.0546875
1 0.673828125 0.818359375 0.080078125 0.083984375
1 0.5673828125 0.587890625 0.0966796875 0.09375
3 0.8505859375 0.8271484375 0.1298828125 0.158203125
1 0.03125 0.255859375 0.0625 0.1171875
1 0.0927734375 0.033203125 0.083984375 0.06640625
3 0.33203125 0.2802734375 0.095703125 0.091796875
3 0.5048828125 0.048828125 0.09375 0.072265625
3 0.1953125 0.02734375 0.111328125 0.0546875
1 0.6259765625 0.052734375 0.1298828125 0.1044921875
3 0.78125 0.263671875 0.1044921875 0.087890625
3 0.4755859375 0.2333984375 0.0546875 0.068359375
1 0.779296875 0.2626953125 0.1044921875 0.0859375
1 0.18359375 0.271484375 0.181640625 0.1142578125
3 0.4619140625 0.685546875 0.162109375 0.1669921875
3 0.9775390625 0.376953125 0.0419921875 0.0341796875
1 0.6123046875 0.1259765625 0.0625 0.078125
3 0.841796875 0.4033203125 0.1064453125 0.091796875
1 0.916015625 0.0390625 0.138671875 0.078125
1 0.1689453125 0.3583984375 0.1064453125 0.107421875
3 0.826171875 0.9521484375 0.126953125 0.09375
3 0.578125 0.986328125 0.0859375 0.0263671875
3 0.986328125 0.970703125 0.0263671875 0.0546875
3 0.6611328125 0.26171875 0.0732421875 0.0576171875
1 0.630859375 0.0859375 0.158203125 0.171875
3 0.689453125 0.376953125 0.162109375 0.1953125
3 0.5400390625 0.228515625 0.0732421875 0.0703125
1 0.197265625 0.0283203125 0.125 0.0546875
3 0.5673828125 0.587890625 0.09375 0.09375
3 0.80859375 0.9736328125 0.09765625 0.052734375
1 0.7490234375 0.9462890625 0.107421875 0.107421875
3 0.18359375 0.2294921875 0.1953125 0.1845703125
1 0.1376953125 0.6572265625 0.1201171875 0.125
1 0.509765625 0.201171875 0.1376953125 0.1455078125
3 0.6787109375 0.134765625 0.076171875 0.091796875
3 0.53515625 0.6435546875 0.318359375 0.265625
3 0.0263671875 0.25 0.0517578125 0.1044921875
3 0.654296875 0.2421875 0.087890625 0.0986328125
1 0.50390625 0.046875 0.095703125 0.076171875
3 0.060546875 0.82421875 0.1171875 0.123046875