3 0.52734375 0.2783203125 0.142578125 0.1298828125
3 0.455078125 0.392578125 0.134765625 0.125
3 0.400390625 0.3056640625 0.130859375 0.126953125
3 0.90234375 0.595703125 0.134765625 0.1220703125
3 0.5654296875 0.8955078125 0.1064453125 0.0986328125
3 0.4990234375 0.482421875 0.138671875 0.126953125
1 0.525390625 0.5810546875 0.119140625 0.1201171875
3 0.48046875 0.1943359375 0.123046875 0.123046875
3 0.416015625 0.1162109375 0.119140625 0.115234375
3 0.65234375 0.056640625 0.1484375 0.11328125
3 0.251953125 0.4833984375 0.123046875 0.1220703125
3 0.650390625 0.560546875 0.1328125 0.1171875
3 0.76171875 0.21484375 0.130859375 0.1357421875
3 0.62890625 0.4501953125 0.126953125 0.1220703125
3 0.5634765625 0.791015625 0.1123046875 0.111328125
3 0.29296875 0.58203125 0.1435546875 0.126953125
3 0.173828125 0.634765625 0.1279296875 0.1201171875
3 0.1328125 0.5400390625 0.1298828125 0.125
3 0.9150390625 0.80078125 0.095703125 0.0986328125
3 0.5791015625 0.359375 0.1376953125 0.1376953125
3 0.705078125 0.1298828125 0.1298828125 0.123046875
3 0.1923828125 0.4033203125 0.1220703125 0.1279296875
3 0.8720703125 0.5009765625 0.1142578125 0.1123046875
3 0.072265625 0.4453125 0.142578125 0.1435546875
3 0.9169921875 0.697265625 0.119140625 0.1044921875
3 0.201171875 0.947265625 0.1328125 0.103515625
3 0.923828125 0.8994140625 0.1279296875 0.1015625
3 0.8505859375 0.396484375 0.1376953125 0.1357421875
3 0.341796875 0.060546875 0.15234375 0.12109375
3 0.3330078125 0.21875 0.142578125 0.140625
3 0.8095703125 0.30859375 0.146484375 0.134765625
3 0.2490234375 0.150390625 0.162109375 0.146484375
1 0.041015625 0.23828125 0.080078125 0.1279296875
3 0.0947265625 0.0458984375 0.130859375 0.091796875
3 0.322265625 0.9697265625 0.1220703125 0.060546875
3 0.0263671875 0.8291015625 0.052734375 0.125
3 0.337890625 0.2041015625 0.0966796875 0.0986328125
3 0.107421875 0.326171875 0.1298828125 0.130859375
3 0.2099609375 0.736328125 0.126953125 0.125
1 0.20703125 0.849609375 0.0908203125 0.0966796875
3 0.267578125 0.021484375 0.138671875 0.0419921875
1 0.70703125 0.869140625 0.1201171875 0.0966796875
1 0.6884765625 0.76171875 0.140625 0.123046875
3 0.337890625 0.8759765625 0.0888671875 0.0751953125
3 0.5537109375 0.6787109375 0.125 0.130859375
3 0.20703125 0.849609375 0.091796875 0.095703125
3 0.0302734375 0.3662109375 0.060546875 0.1455078125
1 0.1708984375 0.0771484375 0.1171875 0.1171875
1 0.3310546875 0.7431640625 0.1376953125 0.201171875
1 0.912109375 0.9697265625 0.1357421875 0.0595703125
3 0.5810546875 0.017578125 0.146484375 0.0341796875
3 0.693359375 0.9521484375 0.0830078125 0.0830078125
3 0.912109375 0.9697265625 0.1357421875 0.060546875
3 0.0439453125 0.0107421875 0.087890625 0.021484375
1 0.341796875 0.0615234375 0.1533203125 0.123046875
3 0.6025390625 0.357421875 0.0859375 0.0908203125
1 0.53125 0.9853515625 0.08203125 0.029296875
1 0.015625 0.724609375 0.03125 0.111328125
1 0.015625 0.9375 0.03125 0.125
1 0.337890625 0.888671875 0.091796875 0.103515625
1 0.5537109375 0.6787109375 0.1279296875 0.1298828125
3 0.2919921875 0.1552734375 0.0673828125 0.0625
1 0.2001953125 0.9462890625 0.134765625 0.107421875
1 0.6787109375 0.6708984375 0.091796875 0.0654296875
1 0.318359375 0.9697265625 0.1298828125 0.060546875
3 0.33203125 0.7421875 0.1435546875 0.2001953125
3 0.015625 0.7216796875 0.03125 0.1044921875
3 0.677734375 0.626953125 0.0908203125 0.0576171875
3 0.0126953125 0.94140625 0.025390625 0.1171875