1 0.0458984375 0.060546875 0.091796875 0.1142578125
3 0.20703125 0.1015625 0.1201171875 0.146484375
1 0.3681640625 0.4833984375 0.1455078125 0.125
3 0.345703125 0.3212890625 0.0966796875 0.078125
3 0.138671875 0.916015625 0.064453125 0.0810546875
3 0.0732421875 0.267578125 0.125 0.123046875
3 0.412109375 0.6923828125 0.111328125 0.1142578125
3 0.40234375 0.1533203125 0.169921875 0.1689453125
3 0.95703125 0.494140625 0.0830078125 0.1435546875
1 0.330078125 0.0576171875 0.052734375 0.052734375
3 0.236328125 0.462890625 0.0986328125 0.0986328125
3 0.314453125 0.630859375 0.09375 0.103515625
1 0.9619140625 0.908203125 0.0751953125 0.115234375
3 0.103515625 0.7890625 0.091796875 0.1044921875
1 0.255859375 0.775390625 0.037109375 0.052734375
1 0.8017578125 0.1875 0.126953125 0.150390625
1 0.9052734375 0.744140625 0.099609375 0.0986328125
1 0.8369140625 0.017578125 0.068359375 0.03515625
3 0.923828125 0.2783203125 0.138671875 0.134765625
1 0.9228515625 0.2802734375 0.138671875 0.1328125
1 0.091796875 0.439453125 0.109375 0.1015625
3 0.091796875 0.439453125 0.109375 0.103515625
1 0.2099609375 0.6572265625 0.1298828125 0.1435546875
3 0.0263671875 0.607421875 0.052734375 0.1513671875
3 0.470703125 0.9697265625 0.140625 0.060546875
3 0.900390625 0.5869140625 0.0966796875 0.0732421875
3 0.9765625 0.068359375 0.044921875 0.1357421875
3 0.013671875 0.134765625 0.0263671875 0.1142578125
3 0.2001953125 0.662109375 0.103515625 0.1220703125
1 0.4013671875 0.150390625 0.1767578125 0.171875
3 0.8251953125 0.8955078125 0.119140625 0.123046875
3 0.904296875 0.744140625 0.1015625 0.0966796875
3 0.8955078125 0.5126953125 0.208984375 0.220703125