3 0.71484375 0.103515625 0.1376953125 0.1279296875
3 0.345703125 0.3583984375 0.154296875 0.1640625
3 0.1416015625 0.47265625 0.1640625 0.15625
3 0.880859375 0.8193359375 0.1435546875 0.1435546875
3 0.7861328125 0.0419921875 0.1591796875 0.083984375
3 0.3916015625 0.0537109375 0.1357421875 0.1064453125
3 0.076171875 0.130859375 0.1298828125 0.134765625
3 0.2265625 0.560546875 0.15625 0.15625
3 0.3095703125 0.650390625 0.1484375 0.1611328125
3 0.9384765625 0.4345703125 0.123046875 0.1357421875
3 0.927734375 0.8837890625 0.1435546875 0.1513671875
3 0.81640625 0.751953125 0.15625 0.1767578125
3 0.53125 0.1484375 0.1279296875 0.1376953125
3 0.8837890625 0.2666015625 0.1220703125 0.1220703125
3 0.078125 0.72265625 0.142578125 0.1435546875
3 0.0654296875 0.9228515625 0.130859375 0.154296875
3 0.576171875 0.935546875 0.205078125 0.1279296875
3 0.9365234375 0.2021484375 0.126953125 0.142578125
3 0.064453125 0.37890625 0.1279296875 0.162109375
3 0.9638671875 0.125 0.0703125 0.123046875
3 0.13671875 0.1904296875 0.1298828125 0.1455078125
3 0.2744140625 0.302734375 0.126953125 0.130859375
3 0.4111328125 0.4189453125 0.125 0.1171875
3 0.458984375 0.091796875 0.1376953125 0.1455078125
3 0.203125 0.25 0.1435546875 0.158203125
3 0.970703125 0.3671875 0.0576171875 0.130859375
3 0.0361328125 0.640625 0.0703125 0.1533203125
3 0.0380859375 0.072265625 0.076171875 0.14453125
3 0.685546875 0.6328125 0.1142578125 0.1220703125
3 0.46875 0.849609375 0.162109375 0.1640625
3 0.7900390625 0.4052734375 0.138671875 0.1298828125
3 0.833984375 0.3349609375 0.1435546875 0.1484375
3 0.97265625 0.927734375 0.0546875 0.1044921875
3 0.611328125 0.587890625 0.1376953125 0.146484375
3 0.271484375 0.453125 0.103515625 0.099609375
3 0.158203125 0.814453125 0.1328125 0.1328125
3 0.02734375 0.8232421875 0.0546875 0.1796875
3 0.630859375 0.201171875 0.1875 0.234375
3 0.9130859375 0.5107421875 0.138671875 0.1328125
3 0.361328125 0.9267578125 0.203125 0.146484375
3 0.310546875 0.02734375 0.1376953125 0.0546875
3 0.7470703125 0.689453125 0.146484375 0.142578125
3 0.677734375 0.1806640625 0.0751953125 0.072265625
3 0.48828125 0.4541015625 0.140625 0.140625
3 0.990234375 0.0576171875 0.0185546875 0.115234375
3 0.6103515625 0.0322265625 0.1357421875 0.064453125
2 0.3095703125 0.654296875 0.1513671875 0.162109375
3 0.71484375 0.865234375 0.1328125 0.1328125
3 0.908203125 0.9736328125 0.109375 0.052734375
3 0.93359375 0.931640625 0.1328125 0.134765625
3 0.6376953125 0.0107421875 0.0908203125 0.021484375
3 0.0107421875 0.791015625 0.021484375 0.1142578125
3 0.1396484375 0.798828125 0.091796875 0.09375
3 0.5673828125 0.521484375 0.1015625 0.09375
3 0.6083984375 0.248046875 0.1357421875 0.1376953125