3 0.84375 0.064453125 0.142578125 0.1279296875
3 0.7431640625 0.671875 0.1455078125 0.1376953125
3 0.9501953125 0.177734375 0.099609375 0.134765625
3 0.9072265625 0.1171875 0.1435546875 0.1435546875
3 0.3017578125 0.865234375 0.125 0.1298828125
3 0.947265625 0.6689453125 0.1044921875 0.1142578125
3 0.5693359375 0.416015625 0.1123046875 0.115234375
3 0.7705078125 0.51953125 0.1328125 0.134765625
3 0.7255859375 0.150390625 0.1376953125 0.138671875
3 0.5126953125 0.478515625 0.109375 0.1044921875
3 0.521484375 0.89453125 0.1513671875 0.1376953125
3 0.1005859375 0.9423828125 0.126953125 0.1142578125
3 0.697265625 0.462890625 0.1455078125 0.1435546875
3 0.7900390625 0.2109375 0.125 0.126953125
3 0.6328125 0.35546875 0.1171875 0.115234375
3 0.85546875 0.26171875 0.1328125 0.134765625
3 0.0478515625 0.8779296875 0.09375 0.1142578125
3 0.8408203125 0.5732421875 0.125 0.1201171875
3 0.912109375 0.32421875 0.1279296875 0.1201171875
3 0.9541015625 0.3818359375 0.091796875 0.115234375
3 0.427734375 0.2587890625 0.125 0.1142578125
3 0.7705078125 0.0419921875 0.146484375 0.0830078125
3 0.0712890625 0.6171875 0.099609375 0.0986328125
3 0.4873046875 0.1953125 0.111328125 0.1064453125
3 0.4892578125 0.798828125 0.1064453125 0.1044921875
3 0.623046875 0.6220703125 0.080078125 0.0908203125
3 0.4208984375 0.9306640625 0.1064453125 0.1123046875
3 0.513671875 0.689453125 0.1201171875 0.1064453125
3 0.87890625 0.708984375 0.111328125 0.109375
3 0.7900390625 0.7578125 0.126953125 0.1201171875
3 0.251953125 0.423828125 0.126953125 0.125
2 0.044921875 0.1064453125 0.08984375 0.111328125
3 0.0341796875 0.6875 0.068359375 0.1220703125
3 0.908203125 0.927734375 0.107421875 0.109375
3 0.310546875 0.357421875 0.134765625 0.140625
3 0.21875 0.7763671875 0.109375 0.1064453125
3 0.037109375 0.44140625 0.07421875 0.109375
3 0.404296875 0.591796875 0.1201171875 0.115234375
3 0.833984375 0.9580078125 0.087890625 0.083984375
3 0.3642578125 0.3173828125 0.107421875 0.1064453125
3 0.099609375 0.396484375 0.134765625 0.1357421875
3 0.5810546875 0.115234375 0.109375 0.109375
3 0.353515625 0.9609375 0.091796875 0.076171875
3 0.75 0.9697265625 0.1171875 0.060546875
2 0.0859375 0.052734375 0.1376953125 0.1044921875
3 0.3427734375 0.6640625 0.134765625 0.1376953125
3 0.1376953125 0.5556640625 0.111328125 0.1064453125
3 0.9658203125 0.8974609375 0.068359375 0.0986328125
3 0.279296875 0.7138671875 0.111328125 0.115234375
3 0.1943359375 0.4990234375 0.1064453125 0.107421875
2 0.1591796875 0.0224609375 0.1171875 0.044921875
3 0.33203125 0.1455078125 0.1513671875 0.146484375
3 0.45703125 0.0380859375 0.111328125 0.076171875
3 0.4619140625 0.533203125 0.1123046875 0.111328125
3 0.0205078125 0.521484375 0.041015625 0.1220703125
3 0.982421875 0.439453125 0.0341796875 0.15625
3 0.3857421875 0.076171875 0.1669921875 0.1513671875
2 0.037109375 0.19921875 0.0498046875 0.0576171875
3 0.986328125 0.224609375 0.0263671875 0.138671875
3 0.5107421875 0.013671875 0.1171875 0.0263671875
3 0.138671875 0.326171875 0.1015625 0.1015625
3 0.15625 0.978515625 0.130859375 0.0419921875
3 0.0224609375 0.7861328125 0.044921875 0.0888671875
3 0.951171875 0.9775390625 0.095703125 0.044921875
3 0.1904296875 0.275390625 0.1142578125 0.123046875
3 0.080078125 0.376953125 0.078125 0.080078125
3 0.0087890625 0.9736328125 0.017578125 0.052734375
3 0.0126953125 0.76171875 0.025390625 0.0390625
3 0.701171875 0.005859375 0.1279296875 0.0107421875
1 0.2587890625 0.205078125 0.1513671875 0.1513671875
3 0.6767578125 0.9892578125 0.103515625 0.021484375
3 0.2587890625 0.2041015625 0.1533203125 0.154296875
3 0.1708984375 0.296875 0.1689453125 0.173828125
3 0.65625 0.486328125 0.0576171875 0.056640625
3 0.123046875 0.416015625 0.0859375 0.087890625