3 0.556640625 0.822265625 0.150390625 0.1435546875
3 0.623046875 0.7607421875 0.1484375 0.1376953125
3 0.427734375 0.0595703125 0.1220703125 0.1171875
3 0.482421875 0.3544921875 0.1376953125 0.1357421875
3 0.51953125 0.5087890625 0.1357421875 0.1376953125
3 0.2998046875 0.177734375 0.130859375 0.1357421875
3 0.369140625 0.4775390625 0.15625 0.1611328125
3 0.423828125 0.935546875 0.1220703125 0.125
3 0.4892578125 0.8837890625 0.126953125 0.125
3 0.4580078125 0.576171875 0.115234375 0.1142578125
1 0.6494140625 0.384765625 0.1015625 0.1015625
3 0.89453125 0.6669921875 0.1455078125 0.140625
3 0.7001953125 0.32421875 0.1142578125 0.1201171875
3 0.6552734375 0.1591796875 0.111328125 0.115234375
3 0.9228515625 0.43359375 0.123046875 0.1201171875
3 0.0625 0.90234375 0.125 0.1298828125
3 0.716796875 0.623046875 0.115234375 0.115234375
3 0.943359375 0.083984375 0.1123046875 0.1123046875
3 0.2509765625 0.591796875 0.1298828125 0.126953125
3 0.1875 0.314453125 0.126953125 0.119140625
3 0.771484375 0.044921875 0.109375 0.0888671875
3 0.091796875 0.7421875 0.1298828125 0.125
3 0.287109375 0.5283203125 0.1142578125 0.1142578125
3 0.591796875 0.2197265625 0.119140625 0.111328125
3 0.9609375 0.3623046875 0.078125 0.1064453125
3 0.5341796875 0.2890625 0.123046875 0.123046875
3 0.7978515625 0.568359375 0.138671875 0.134765625
3 0.154296875 0.8037109375 0.1279296875 0.1220703125
3 0.3701171875 0.119140625 0.134765625 0.134765625
3 0.4912109375 0.03125 0.1171875 0.0625
3 0.890625 0.146484375 0.107421875 0.107421875
3 0.8251953125 0.7294921875 0.1279296875 0.1298828125
3 0.65234375 0.916015625 0.1435546875 0.1357421875
3 0.0478515625 0.6767578125 0.09375 0.1142578125
3 0.595703125 0.96484375 0.109375 0.0703125
3 0.9501953125 0.611328125 0.099609375 0.1044921875
3 0.4208984375 0.4072265625 0.115234375 0.1171875
3 0.361328125 0.966796875 0.130859375 0.064453125
3 0.7587890625 0.263671875 0.1220703125 0.115234375
3 0.220703125 0.857421875 0.111328125 0.107421875
3 0.71875 0.857421875 0.095703125 0.095703125
3 0.1376953125 0.3720703125 0.091796875 0.09375
3 0.263671875 0.2431640625 0.107421875 0.1064453125
3 0.775390625 0.7958984375 0.1123046875 0.1123046875
3 0.8466796875 0.025390625 0.1328125 0.0498046875
3 0.064453125 0.146484375 0.1220703125 0.123046875
3 0.1865234375 0.0712890625 0.109375 0.115234375
3 0.0341796875 0.8349609375 0.068359375 0.142578125
3 0.712890625 0.08984375 0.1171875 0.1142578125
3 0.0849609375 0.42578125 0.1064453125 0.103515625
3 0.5859375 0.451171875 0.1123046875 0.119140625
3 0.6640625 0.673828125 0.1201171875 0.1171875
3 0.359375 0.603515625 0.076171875 0.0751953125
3 0.9306640625 0.9150390625 0.138671875 0.166015625
3 0.9853515625 0.5322265625 0.029296875 0.1142578125
3 0.4111328125 0.6396484375 0.109375 0.109375
3 0.859375 0.5078125 0.1376953125 0.1328125
3 0.232421875 0.0185546875 0.103515625 0.037109375
3 0.9736328125 0.041015625 0.052734375 0.08203125
3 0.3681640625 0.6669921875 0.201171875 0.212890625
3 0.869140625 0.98046875 0.0966796875 0.037109375
3 0.869140625 0.6201171875 0.060546875 0.0595703125
3 0.1904296875 0.1943359375 0.072265625 0.076171875
3 0.017578125 0.052734375 0.03515625 0.10546875
3 0.833984375 0.21484375 0.109375 0.1015625
3 0.2373046875 0.09765625 0.0498046875 0.052734375
1 0.0361328125 0.3046875 0.0703125 0.173828125
3 0.990234375 0.3076171875 0.0185546875 0.1455078125
3 0.5009765625 0.9814453125 0.109375 0.037109375
3 0.0185546875 0.6181640625 0.037109375 0.1328125
3 0.2646484375 0.0419921875 0.173828125 0.083984375
3 0.169921875 0.89453125 0.0830078125 0.078125
3 0.783203125 0.158203125 0.1142578125 0.115234375
1 0.119140625 0.9423828125 0.1455078125 0.1142578125
0 0.0361328125 0.3037109375 0.072265625 0.173828125
1 0.1708984375 0.8955078125 0.080078125 0.076171875
3 0.8056640625 0.185546875 0.166015625 0.1591796875
3 0.9716796875 0.908203125 0.056640625 0.130859375
1 0.287109375 0.0419921875 0.1142578125 0.083984375
3 0.021484375 0.9638671875 0.0419921875 0.072265625