3 0.1162109375 0.068359375 0.1435546875 0.134765625
3 0.61328125 0.228515625 0.1513671875 0.140625
3 0.845703125 0.205078125 0.154296875 0.138671875
3 0.169921875 0.1494140625 0.1455078125 0.1376953125
3 0.8330078125 0.880859375 0.138671875 0.1357421875
3 0.40234375 0.556640625 0.1591796875 0.142578125
3 0.4951171875 0.732421875 0.126953125 0.119140625
3 0.412109375 0.123046875 0.1376953125 0.134765625
3 0.3603515625 0.0498046875 0.134765625 0.0986328125
3 0.802734375 0.115234375 0.126953125 0.1298828125
3 0.462890625 0.2001953125 0.1328125 0.119140625
3 0.458984375 0.6484375 0.1220703125 0.1357421875
3 0.548828125 0.3662109375 0.1298828125 0.1328125
3 0.802734375 0.5498046875 0.1171875 0.1064453125
3 0.787109375 0.79296875 0.138671875 0.130859375
3 0.244140625 0.5458984375 0.138671875 0.1328125
3 0.6640625 0.3095703125 0.1328125 0.125
3 0.58984375 0.45703125 0.126953125 0.130859375
3 0.2880859375 0.623046875 0.1376953125 0.1376953125
3 0.89453125 0.2841796875 0.1123046875 0.119140625
3 0.9443359375 0.373046875 0.109375 0.1220703125
3 0.2275390625 0.2275390625 0.123046875 0.1201171875
3 0.916015625 0.0634765625 0.1513671875 0.126953125
2 0.0517578125 0.837890625 0.1015625 0.181640625
3 0.36328125 0.4775390625 0.109375 0.1142578125
3 0.9521484375 0.1357421875 0.09375 0.1220703125
3 0.7626953125 0.474609375 0.142578125 0.134765625
3 0.486328125 0.2880859375 0.109375 0.109375
3 0.6416015625 0.533203125 0.1328125 0.1328125
3 0.197265625 0.458984375 0.1435546875 0.134765625
3 0.0390625 0.125 0.078125 0.1328125
3 0.0478515625 0.2177734375 0.095703125 0.1171875
3 0.318359375 0.390625 0.111328125 0.1171875
3 0.572265625 0.142578125 0.1376953125 0.126953125
3 0.685546875 0.626953125 0.1171875 0.1220703125
3 0.365234375 0.798828125 0.1455078125 0.1357421875
3 0.7177734375 0.388671875 0.1064453125 0.109375
3 0.9013671875 0.732421875 0.123046875 0.111328125
3 0.1494140625 0.37109375 0.158203125 0.1455078125
3 0.2705078125 0.314453125 0.1123046875 0.1171875
3 0.9609375 0.9130859375 0.076171875 0.142578125
3 0.939453125 0.8203125 0.1201171875 0.1376953125
3 0.32421875 0.7138671875 0.138671875 0.1357421875
3 0.7587890625 0.0478515625 0.0986328125 0.0908203125
3 0.091796875 0.298828125 0.111328125 0.103515625
3 0.603515625 0.908203125 0.125 0.1220703125
3 0.9658203125 0.4453125 0.068359375 0.1171875
3 0.0703125 0.025390625 0.1328125 0.05078125
3 0.4755859375 0.0234375 0.125 0.044921875
3 0.515625 0.04296875 0.0986328125 0.0830078125
3 0.544921875 0.080078125 0.0830078125 0.0654296875
3 0.658203125 0.962890625 0.1328125 0.0732421875
3 0.896484375 0.958984375 0.119140625 0.0810546875
3 0.751953125 0.0146484375 0.0986328125 0.029296875
2 0.365234375 0.7978515625 0.140625 0.1376953125
2 0.150390625 0.3720703125 0.154296875 0.146484375
3 0.412109375 0.9814453125 0.1201171875 0.037109375
3 0.1015625 0.9736328125 0.123046875 0.0517578125
3 0.8671875 0.93359375 0.0966796875 0.0830078125
1 0.2646484375 0.9677734375 0.1123046875 0.064453125
3 0.9375 0.9794921875 0.115234375 0.037109375
3 0.9853515625 0.2080078125 0.029296875 0.126953125
3 0.884765625 0.0166015625 0.1279296875 0.033203125
3 0.97265625 0.2138671875 0.0546875 0.138671875
3 0.5126953125 0.064453125 0.1376953125 0.1279296875
3 0.71875 0.0068359375 0.142578125 0.013671875
3 0.0205078125 0.98046875 0.041015625 0.0390625
3 0.9736328125 0.2490234375 0.0498046875 0.0625
1 0.0205078125 0.9814453125 0.041015625 0.037109375
3 0.3037109375 0.005859375 0.130859375 0.01171875
3 0.9091796875 0.9892578125 0.1279296875 0.0205078125