3 0.892578125 0.9140625 0.134765625 0.1123046875
3 0.9365234375 0.634765625 0.125 0.1328125
3 0.8662109375 0.8076171875 0.1484375 0.1376953125
3 0.669921875 0.779296875 0.1298828125 0.140625
3 0.603515625 0.841796875 0.1298828125 0.1298828125
3 0.9609375 0.7138671875 0.078125 0.125
3 0.55078125 0.923828125 0.130859375 0.125
3 0.560546875 0.732421875 0.080078125 0.0830078125
3 0.9755859375 0.837890625 0.048828125 0.09375
3 0.859375 0.970703125 0.134765625 0.0576171875
3 0.4873046875 0.97265625 0.1279296875 0.0546875
1 0.638671875 0.6494140625 0.109375 0.109375
3 0.501953125 0.783203125 0.1064453125 0.103515625
2 0.2890625 0.9287109375 0.109375 0.109375
3 0.9736328125 0.9658203125 0.052734375 0.064453125
3 0.486328125 0.8564453125 0.0595703125 0.0654296875
3 0.767578125 0.75 0.0888671875 0.080078125
2 0.837890625 0.408203125 0.1044921875 0.1015625
3 0.35546875 0.869140625 0.099609375 0.0986328125
1 0.421875 0.818359375 0.115234375 0.1201171875
3 0.583984375 0.677734375 0.0888671875 0.0908203125
3 0.884765625 0.5712890625 0.1435546875 0.125
2 0.9677734375 0.294921875 0.0625 0.119140625
2 0.3623046875 0.9580078125 0.1328125 0.083984375
0 0.8583984375 0.439453125 0.1484375 0.1669921875
3 0.443359375 0.7333984375 0.0888671875 0.0908203125
2 0.259765625 0.98046875 0.130859375 0.0390625
3 0.9921875 0.7646484375 0.015625 0.1171875
3 0.361328125 0.9580078125 0.1328125 0.083984375
3 0.71484375 0.5654296875 0.1220703125 0.1123046875
1 0.8603515625 0.439453125 0.1513671875 0.166015625
2 0.8583984375 0.439453125 0.1484375 0.169921875
2 0.3291015625 0.9345703125 0.197265625 0.130859375