3 0.9521484375 0.607421875 0.095703125 0.1298828125
3 0.5712890625 0.822265625 0.1298828125 0.140625
3 0.755859375 0.955078125 0.126953125 0.0888671875
3 0.8369140625 0.9375 0.126953125 0.125
3 0.4208984375 0.1669921875 0.115234375 0.1201171875
3 0.904296875 0.900390625 0.119140625 0.119140625
3 0.3388671875 0.396484375 0.109375 0.123046875
3 0.8935546875 0.654296875 0.1142578125 0.1142578125
3 0.1787109375 0.0615234375 0.1142578125 0.107421875
3 0.2705078125 0.2421875 0.1142578125 0.126953125
3 0.5107421875 0.138671875 0.1328125 0.154296875
3 0.576171875 0.6083984375 0.119140625 0.1328125
3 0.814453125 0.134765625 0.140625 0.1591796875
3 0.9609375 0.869140625 0.076171875 0.1484375
3 0.044921875 0.3759765625 0.08984375 0.130859375
3 0.728515625 0.529296875 0.125 0.146484375
3 0.478515625 0.650390625 0.109375 0.119140625
3 0.1201171875 0.322265625 0.1298828125 0.138671875
3 0.091796875 0.8291015625 0.126953125 0.123046875
3 0.720703125 0.1865234375 0.125 0.1376953125
3 0.896484375 0.107421875 0.099609375 0.107421875
3 0.9580078125 0.0576171875 0.083984375 0.115234375
3 0.404296875 0.685546875 0.111328125 0.126953125
3 0.263671875 0.4228515625 0.125 0.142578125
3 0.041015625 0.1298828125 0.08203125 0.107421875
3 0.1787109375 0.787109375 0.1044921875 0.1123046875
3 0.087890625 0.072265625 0.1201171875 0.140625
3 0.9521484375 0.40625 0.095703125 0.1015625
3 0.345703125 0.2021484375 0.1123046875 0.115234375
3 0.9716796875 0.4658203125 0.0546875 0.0888671875
3 0.1865234375 0.4580078125 0.1123046875 0.123046875
3 0.896484375 0.4677734375 0.1376953125 0.1640625
3 0.818359375 0.7021484375 0.1171875 0.1142578125
3 0.818359375 0.5 0.125 0.138671875
3 0.6513671875 0.5673828125 0.1142578125 0.126953125
3 0.7587890625 0.0419921875 0.1298828125 0.083984375
3 0.1943359375 0.2763671875 0.115234375 0.115234375
3 0.337890625 0.740234375 0.1298828125 0.166015625
3 0.490234375 0.865234375 0.1220703125 0.1279296875
3 0.70703125 0.7548828125 0.1796875 0.166015625
3 0.025390625 0.8603515625 0.05078125 0.091796875
3 0.4765625 0.298828125 0.1357421875 0.130859375
3 0.681640625 0.9853515625 0.1142578125 0.0283203125
3 0.427734375 0.3564453125 0.1220703125 0.125
3 0.013671875 0.037109375 0.02734375 0.07421875
3 0.5673828125 0.2548828125 0.1298828125 0.142578125
3 0.453125 0.328125 0.1875 0.1923828125
3 0.150390625 0.935546875 0.1455078125 0.1279296875
3 0.357421875 0.974609375 0.138671875 0.0498046875
3 0.1015625 0.4814453125 0.1357421875 0.1513671875
3 0.453125 0.8974609375 0.2080078125 0.203125
3 0.3564453125 0.0185546875 0.119140625 0.037109375
3 0.2578125 0.7646484375 0.1220703125 0.1455078125
3 0.052734375 0.935546875 0.1044921875 0.126953125
3 0.666015625 0.06640625 0.140625 0.1328125
3 0.9912109375 0.3603515625 0.017578125 0.142578125
3 0.5849609375 0.076171875 0.09375 0.095703125
3 0.6484375 0.2177734375 0.130859375 0.1357421875
3 0.83203125 0.0126953125 0.119140625 0.025390625
1 0.6494140625 0.220703125 0.1298828125 0.1376953125
3 0.6875 0.7734375 0.115234375 0.1123046875
3 0.9892578125 0.556640625 0.0205078125 0.130859375
3 0.9423828125 0.9697265625 0.111328125 0.060546875
3 0.2998046875 0.8447265625 0.0966796875 0.095703125
3 0.0224609375 0.607421875 0.044921875 0.1533203125
1 0.251953125 0.75 0.109375 0.1142578125
3 0.025390625 0.06640625 0.05078125 0.08984375
3 0.9384765625 0.9873046875 0.1123046875 0.025390625
3 0.8994140625 0.2578125 0.1455078125 0.125
3 0.1318359375 0.556640625 0.095703125 0.080078125