3 0.8984375 0.3125 0.1376953125 0.150390625
3 0.626953125 0.404296875 0.1376953125 0.1435546875
3 0.748046875 0.666015625 0.140625 0.1611328125
3 0.693359375 0.4599609375 0.126953125 0.130859375
3 0.6181640625 0.1201171875 0.125 0.1357421875
3 0.251953125 0.9365234375 0.15625 0.126953125
3 0.755859375 0.9384765625 0.1220703125 0.1220703125
3 0.513671875 0.529296875 0.1220703125 0.130859375
3 0.677734375 0.177734375 0.109375 0.111328125
3 0.9033203125 0.1552734375 0.140625 0.142578125
3 0.6826171875 0.615234375 0.1279296875 0.130859375
3 0.767578125 0.490234375 0.1064453125 0.1123046875
3 0.81640625 0.275390625 0.119140625 0.1328125
3 0.125 0.8837890625 0.0810546875 0.0908203125
3 0.8349609375 0.5400390625 0.107421875 0.1123046875
3 0.5498046875 0.3623046875 0.138671875 0.1484375
3 0.619140625 0.548828125 0.1376953125 0.158203125
3 0.703125 0.0322265625 0.1220703125 0.0625
3 0.755859375 0.220703125 0.1142578125 0.1201171875
3 0.880859375 0.7646484375 0.1201171875 0.125
3 0.0478515625 0.888671875 0.09375 0.1376953125
3 0.9619140625 0.181640625 0.0732421875 0.125
3 0.4892578125 0.8427734375 0.1298828125 0.1279296875
3 0.388671875 0.775390625 0.109375 0.103515625
3 0.767578125 0.0615234375 0.1298828125 0.123046875
3 0.9423828125 0.8134765625 0.115234375 0.130859375
3 0.697265625 0.880859375 0.107421875 0.111328125
3 0.888671875 0.6015625 0.1279296875 0.1328125
2 0.0546875 0.1083984375 0.107421875 0.1875
3 0.83203125 0.1103515625 0.130859375 0.1376953125
3 0.9501953125 0.376953125 0.099609375 0.109375
3 0.984375 0.263671875 0.03125 0.146484375
3 0.9814453125 0.4228515625 0.037109375 0.154296875
1 0.3701171875 0.677734375 0.1142578125 0.109375
1 0.373046875 0.1435546875 0.1123046875 0.0986328125
3 0.806640625 0.7216796875 0.1064453125 0.1142578125
3 0.8203125 0.970703125 0.1142578125 0.0576171875
3 0.4912109375 0.296875 0.1328125 0.140625
3 0.60546875 0.966796875 0.125 0.0654296875
0 0.2109375 0.251953125 0.150390625 0.1533203125
1 0.1630859375 0.044921875 0.107421875 0.08984375
3 0.47265625 0.458984375 0.060546875 0.0595703125
2 0.041015625 0.3193359375 0.08203125 0.251953125
3 0.625 0.833984375 0.123046875 0.1328125
3 0.955078125 0.6328125 0.0888671875 0.134765625
3 0.373046875 0.9697265625 0.14453125 0.060546875
2 0.224609375 0.095703125 0.0966796875 0.0986328125
3 0.6337890625 0.017578125 0.1220703125 0.033203125
1 0.625 0.8369140625 0.123046875 0.1298828125
1 0.806640625 0.7236328125 0.1123046875 0.119140625
2 0.2041015625 0.6416015625 0.1298828125 0.208984375
1 0.0380859375 0.7607421875 0.076171875 0.1123046875
3 0.2919921875 0.75 0.056640625 0.046875
3 0.9814453125 0.7216796875 0.037109375 0.0625
0 0.203125 0.640625 0.130859375 0.208984375
3 0.9814453125 0.85546875 0.037109375 0.13671875
1 0.330078125 0.353515625 0.0732421875 0.072265625
2 0.150390625 0.390625 0.041015625 0.0517578125
0 0.2041015625 0.11328125 0.146484375 0.1357421875
3 0.205078125 0.646484375 0.134765625 0.205078125
3 0.6728515625 0.990234375 0.115234375 0.0185546875
3 0.8076171875 0.1396484375 0.080078125 0.072265625
1 0.2099609375 0.2548828125 0.142578125 0.146484375
1 0.12109375 0.779296875 0.09375 0.0830078125
3 0.91015625 0.8896484375 0.0625 0.052734375
3 0.9814453125 0.685546875 0.0361328125 0.1455078125
3 0.369140625 0.677734375 0.1123046875 0.109375
1 0.4111328125 0.5869140625 0.107421875 0.107421875
0 0.0380859375 0.76171875 0.076171875 0.115234375
2 0.056640625 0.162109375 0.0810546875 0.076171875
3 0.412109375 0.587890625 0.109375 0.109375
3 0.9130859375 0.9755859375 0.115234375 0.048828125
3 0.0380859375 0.7626953125 0.076171875 0.115234375
3 0.0947265625 0.982421875 0.119140625 0.0341796875
1 0.3857421875 0.583984375 0.169921875 0.1376953125
3 0.9736328125 0.9150390625 0.052734375 0.072265625