3 0.087890625 0.4208984375 0.1357421875 0.1591796875
3 0.3349609375 0.203125 0.125 0.087890625
3 0.326171875 0.2919921875 0.119140625 0.083984375
3 0.091796875 0.2880859375 0.1201171875 0.09375
3 0.109375 0.1103515625 0.087890625 0.0888671875
3 0.33203125 0.111328125 0.109375 0.095703125
3 0.8076171875 0.94921875 0.1611328125 0.099609375
3 0.31640625 0.029296875 0.08984375 0.05859375
3 0.3212890625 0.419921875 0.1171875 0.162109375
1 0.353515625 0.65625 0.1796875 0.1376953125
0 0.458984375 0.880859375 0.150390625 0.2373046875
3 0.0849609375 0.2080078125 0.125 0.0986328125
3 0.111328125 0.0322265625 0.095703125 0.0625
3 0.123046875 0.697265625 0.0966796875 0.1611328125
3 0.89453125 0.853515625 0.095703125 0.0966796875
3 0.970703125 0.462890625 0.0576171875 0.0751953125
3 0.9482421875 0.779296875 0.103515625 0.1533203125
3 0.32421875 0.380859375 0.0859375 0.080078125
1 0.869140625 0.537109375 0.0859375 0.0830078125
1 0.7275390625 0.2978515625 0.0908203125 0.09375
3 0.353515625 0.6552734375 0.173828125 0.1357421875
3 0.0390625 0.6767578125 0.078125 0.1171875
3 0.771484375 0.5283203125 0.140625 0.1591796875
2 0.8037109375 0.947265625 0.1669921875 0.103515625
1 0.669921875 0.4736328125 0.0830078125 0.1298828125
3 0.0869140625 0.2470703125 0.1376953125 0.1796875
3 0.0126953125 0.4541015625 0.025390625 0.0908203125
3 0.669921875 0.4716796875 0.0810546875 0.130859375
3 0.8818359375 0.921875 0.0654296875 0.0654296875
0 0.333984375 0.8603515625 0.1640625 0.279296875
1 0.591796875 0.341796875 0.076171875 0.080078125
1 0.779296875 0.494140625 0.166015625 0.234375
3 0.0126953125 0.521484375 0.025390625 0.0498046875
2 0.3349609375 0.8603515625 0.158203125 0.279296875