1 0.181640625 0.8818359375 0.087890625 0.0859375
3 0.4853515625 0.841796875 0.111328125 0.109375
1 0.251953125 0.6015625 0.1044921875 0.109375
3 0.2900390625 0.4833984375 0.0810546875 0.0751953125
1 0.4169921875 0.4345703125 0.0810546875 0.078125
1 0.451171875 0.943359375 0.0703125 0.0625
3 0.72265625 0.6943359375 0.0986328125 0.0830078125
3 0.166015625 0.3544921875 0.0732421875 0.068359375
1 0.1201171875 0.1201171875 0.1064453125 0.0830078125
1 0.7724609375 0.9169921875 0.1298828125 0.1142578125
3 0.7724609375 0.919921875 0.126953125 0.1064453125
3 0.0361328125 0.2119140625 0.0703125 0.080078125
1 0.755859375 0.076171875 0.09375 0.083984375
3 0.314453125 0.4951171875 0.1357421875 0.115234375
1 0.6416015625 0.03515625 0.138671875 0.0703125
3 0.6220703125 0.9814453125 0.083984375 0.037109375
1 0.5048828125 0.0146484375 0.1015625 0.029296875
1 0.3955078125 0.4267578125 0.130859375 0.1015625
1 0.166015625 0.3544921875 0.0751953125 0.068359375
1 0.6240234375 0.9814453125 0.0830078125 0.037109375
3 0.341796875 0.517578125 0.068359375 0.0673828125
1 0.3388671875 0.01953125 0.109375 0.037109375