1 0.091796875 0.7001953125 0.078125 0.09375
3 0.576171875 0.150390625 0.134765625 0.0986328125
3 0.8603515625 0.4931640625 0.107421875 0.1123046875
1 0.791015625 0.234375 0.1064453125 0.125
3 0.654296875 0.6513671875 0.1533203125 0.0908203125
3 0.8349609375 0.3427734375 0.060546875 0.0908203125
3 0.671875 0.787109375 0.140625 0.1142578125
1 0.8828125 0.859375 0.1064453125 0.091796875
3 0.974609375 0.615234375 0.0498046875 0.0986328125
3 0.369140625 0.669921875 0.095703125 0.080078125
3 0.583984375 0.5166015625 0.1298828125 0.107421875
3 0.607421875 0.3681640625 0.080078125 0.0546875
3 0.7724609375 0.0234375 0.09375 0.046875
1 0.029296875 0.7314453125 0.05859375 0.134765625
1 0.59765625 0.9384765625 0.068359375 0.064453125
3 0.9013671875 0.970703125 0.1171875 0.0576171875
3 0.7802734375 0.1025390625 0.0966796875 0.1015625
3 0.90234375 0.763671875 0.146484375 0.083984375
3 0.4296875 0.5615234375 0.095703125 0.078125
1 0.705078125 0.8837890625 0.1123046875 0.091796875
3 0.4228515625 0.439453125 0.2080078125 0.09375
3 0.705078125 0.974609375 0.1279296875 0.0498046875
3 0.607421875 0.2470703125 0.1220703125 0.087890625
3 0.7041015625 0.884765625 0.109375 0.0908203125
3 0.029296875 0.955078125 0.056640625 0.0888671875
1 0.900390625 0.9697265625 0.1171875 0.0595703125
1 0.2236328125 0.6650390625 0.072265625 0.0703125
1 0.7109375 0.9697265625 0.1435546875 0.0595703125
3 0.009765625 0.3232421875 0.01953125 0.103515625
1 0.7802734375 0.1015625 0.0966796875 0.099609375
3 0.517578125 0.013671875 0.09375 0.0263671875
3 0.2236328125 0.666015625 0.072265625 0.0703125
3 0.013671875 0.3408203125 0.02734375 0.150390625
3 0.125 0.0078125 0.1298828125 0.015625
1 0.978515625 0.966796875 0.0419921875 0.064453125
1 0.400390625 0.548828125 0.150390625 0.1142578125