3 0.927734375 0.2666015625 0.140625 0.130859375
3 0.8798828125 0.646484375 0.162109375 0.1455078125
3 0.138671875 0.513671875 0.1357421875 0.1298828125
3 0.2724609375 0.6435546875 0.1455078125 0.1455078125
3 0.875 0.181640625 0.1279296875 0.1298828125
3 0.94140625 0.060546875 0.1142578125 0.1201171875
3 0.83203125 0.0888671875 0.142578125 0.142578125
3 0.0498046875 0.423828125 0.0986328125 0.126953125
3 0.5498046875 0.0673828125 0.1484375 0.134765625
3 0.2021484375 0.5732421875 0.119140625 0.1220703125
3 0.3701171875 0.541015625 0.1689453125 0.1591796875
3 0.7412109375 0.3916015625 0.140625 0.1357421875
3 0.953125 0.3408203125 0.09375 0.1376953125
3 0.9423828125 0.7314453125 0.115234375 0.119140625
1 0.7880859375 0.4716796875 0.1328125 0.126953125
3 0.1826171875 0.1923828125 0.1455078125 0.1669921875
3 0.0673828125 0.779296875 0.134765625 0.1435546875
3 0.775390625 0.041015625 0.158203125 0.080078125
3 0.9052734375 0.9462890625 0.162109375 0.1064453125
3 0.337890625 0.7353515625 0.1611328125 0.150390625
3 0.08203125 0.21484375 0.126953125 0.134765625
3 0.7705078125 0.703125 0.140625 0.134765625
3 0.470703125 0.966796875 0.126953125 0.0654296875
3 0.23828125 0.3408203125 0.1953125 0.1796875
3 0.486328125 0.2099609375 0.1298828125 0.1357421875
3 0.6513671875 0.22265625 0.123046875 0.126953125
3 0.580078125 0.37890625 0.1328125 0.119140625
3 0.37109375 0.830078125 0.119140625 0.111328125
3 0.82421875 0.78515625 0.1513671875 0.134765625
3 0.8466796875 0.560546875 0.115234375 0.111328125
3 0.9658203125 0.134765625 0.068359375 0.119140625
3 0.419921875 0.912109375 0.115234375 0.107421875
3 0.44140625 0.12109375 0.140625 0.134765625
3 0.58203125 0.919921875 0.162109375 0.158203125
3 0.6083984375 0.1337890625 0.109375 0.099609375
3 0.517578125 0.298828125 0.1064453125 0.111328125
3 0.392578125 0.0498046875 0.138671875 0.099609375
3 0.5 0.0244140625 0.138671875 0.046875
3 0.4921875 0.7265625 0.1611328125 0.1640625
3 0.619140625 0.4599609375 0.1123046875 0.1201171875
3 0.43359375 0.59765625 0.046875 0.048828125
3 0.2080078125 0.9521484375 0.142578125 0.095703125
3 0.9775390625 0.44921875 0.044921875 0.150390625
3 0.908203125 0.01953125 0.1123046875 0.037109375
3 0.7119140625 0.3193359375 0.1064453125 0.0859375
3 0.0859375 0.357421875 0.0888671875 0.109375
3 0.33984375 0.453125 0.130859375 0.1171875
3 0.0302734375 0.693359375 0.060546875 0.140625
3 0.9697265625 0.9150390625 0.060546875 0.126953125
3 0.5341796875 0.8330078125 0.15625 0.1484375
2 0.6201171875 0.4599609375 0.1142578125 0.1220703125
2 0.39453125 0.05078125 0.138671875 0.1015625
3 0.6923828125 0.2822265625 0.0986328125 0.078125
3 0.6787109375 0.54296875 0.140625 0.140625
2 0.771484375 0.701171875 0.140625 0.1376953125
3 0.0146484375 0.669921875 0.029296875 0.109375
3 0.7001953125 0.5791015625 0.1875 0.216796875
3 0.96484375 0.3701171875 0.068359375 0.0810546875
3 0.72265625 0.6201171875 0.1357421875 0.123046875
3 0.025390625 0.8681640625 0.05078125 0.142578125
3 0.0107421875 0.21875 0.021484375 0.087890625
3 0.015625 0.8828125 0.03125 0.119140625
3 0.01953125 0.5 0.0390625 0.09375
2 0.48828125 0.2099609375 0.1328125 0.1357421875
3 0.955078125 0.326171875 0.087890625 0.072265625
3 0.5224609375 0.8046875 0.125 0.0966796875
2 0.69921875 0.5810546875 0.193359375 0.2109375
3 0.439453125 0.6103515625 0.087890625 0.0732421875
2 0.580078125 0.3779296875 0.134765625 0.123046875
3 0.154296875 0.990234375 0.1123046875 0.0185546875
3 0.3056640625 0.7216796875 0.091796875 0.078125
1 0.2080078125 0.9501953125 0.1435546875 0.0986328125
3 0.34375 0.0078125 0.134765625 0.015625