2 0.23046875 0.5107421875 0.1796875 0.1904296875
3 0.9345703125 0.9580078125 0.130859375 0.0810546875
2 0.3291015625 0.080078125 0.158203125 0.1533203125
2 0.28125 0.9169921875 0.0908203125 0.083984375
3 0.81640625 0.841796875 0.134765625 0.1376953125
3 0.0654296875 0.0556640625 0.1279296875 0.111328125
3 0.853515625 0.765625 0.109375 0.103515625
2 0.58203125 0.810546875 0.125 0.1220703125
2 0.662109375 0.6455078125 0.123046875 0.1142578125
2 0.056640625 0.7314453125 0.1123046875 0.1640625
2 0.517578125 0.560546875 0.1142578125 0.109375
3 0.470703125 0.6318359375 0.1220703125 0.125
2 0.029296875 0.8369140625 0.0576171875 0.119140625
2 0.0927734375 0.58203125 0.080078125 0.0810546875
2 0.31640625 0.8359375 0.1142578125 0.1171875
3 0.7353515625 0.9482421875 0.1611328125 0.103515625
3 0.9501953125 0.6396484375 0.0986328125 0.1142578125
2 0.802734375 0.2255859375 0.2470703125 0.248046875
3 0.978515625 0.541015625 0.0419921875 0.095703125
3 0.58203125 0.810546875 0.125 0.1201171875
3 0.6318359375 0.736328125 0.1142578125 0.1142578125
2 0.4111328125 0.9814453125 0.1015625 0.037109375
2 0.3173828125 0.34765625 0.21875 0.236328125
3 0.892578125 0.701171875 0.078125 0.0732421875
2 0.02734375 0.5458984375 0.0546875 0.205078125
3 0.662109375 0.646484375 0.126953125 0.1142578125
3 0.4384765625 0.9189453125 0.0703125 0.0732421875
3 0.9599609375 0.9267578125 0.080078125 0.115234375
2 0.4619140625 0.1826171875 0.126953125 0.1123046875
3 0.8916015625 0.376953125 0.1142578125 0.103515625
3 0.529296875 0.884765625 0.123046875 0.1201171875
3 0.3623046875 0.775390625 0.103515625 0.099609375
2 0.19921875 0.2138671875 0.1201171875 0.1171875
2 0.361328125 0.775390625 0.1044921875 0.0986328125
3 0.4814453125 0.9580078125 0.087890625 0.083984375
2 0.482421875 0.958984375 0.0888671875 0.0810546875
0 0.51953125 0.12109375 0.2607421875 0.2421875
3 0.109375 0.0244140625 0.142578125 0.048828125
2 0.7021484375 0.341796875 0.171875 0.15625
1 0.646484375 0.537109375 0.1064453125 0.109375
0 0.146484375 0.318359375 0.2919921875 0.345703125
3 0.408203125 0.98046875 0.1142578125 0.0390625
2 0.580078125 0.486328125 0.1435546875 0.140625
2 0.021484375 0.5107421875 0.0419921875 0.1171875
3 0.734375 0.603515625 0.1201171875 0.1201171875
3 0.021484375 0.1943359375 0.0419921875 0.1220703125
0 0.7958984375 0.3037109375 0.3935546875 0.4248046875
3 0.990234375 0.8466796875 0.017578125 0.15625
2 0.892578125 0.3740234375 0.1142578125 0.1044921875
2 0.927734375 0.28515625 0.1435546875 0.169921875
1 0.580078125 0.4873046875 0.1455078125 0.142578125
3 0.029296875 0.0185546875 0.0576171875 0.037109375
2 0.5263671875 0.080078125 0.2421875 0.1591796875
2 0.021484375 0.1962890625 0.0419921875 0.1298828125
1 0.0244140625 0.017578125 0.048828125 0.03515625
2 0.822265625 0.431640625 0.1640625 0.1455078125
2 0.306640625 0.060546875 0.109375 0.109375
2 0.1435546875 0.314453125 0.287109375 0.3330078125
2 0.146484375 0.287109375 0.1171875 0.1123046875
3 0.03125 0.130859375 0.0625 0.095703125