3 0.353515625 0.158203125 0.1640625 0.142578125
3 0.1015625 0.0625 0.1298828125 0.123046875
3 0.7890625 0.724609375 0.1376953125 0.1455078125
3 0.40625 0.072265625 0.1611328125 0.1435546875
3 0.1005859375 0.4453125 0.1201171875 0.1220703125
3 0.1484375 0.369140625 0.125 0.119140625
3 0.6572265625 0.88671875 0.1640625 0.1591796875
3 0.44140625 0.333984375 0.142578125 0.158203125
3 0.8720703125 0.666015625 0.1201171875 0.1201171875
3 0.240234375 0.2822265625 0.1611328125 0.1533203125
3 0.376953125 0.8994140625 0.1533203125 0.1435546875
3 0.640625 0.126953125 0.134765625 0.1328125
3 0.294921875 0.5810546875 0.119140625 0.1171875
3 0.0537109375 0.1357421875 0.1064453125 0.1123046875
3 0.2685546875 0.1884765625 0.1064453125 0.099609375
3 0.525390625 0.275390625 0.1376953125 0.140625
3 0.6318359375 0.9677734375 0.095703125 0.064453125
3 0.2353515625 0.646484375 0.1201171875 0.1201171875
3 0.9169921875 0.580078125 0.1220703125 0.1279296875
3 0.9169921875 0.9580078125 0.126953125 0.083984375
3 0.568359375 0.2021484375 0.1376953125 0.130859375
3 0.4091796875 0.4248046875 0.1171875 0.119140625
3 0.0556640625 0.49609375 0.111328125 0.126953125
3 0.3193359375 0.947265625 0.1611328125 0.1044921875
3 0.158203125 0.0224609375 0.125 0.044921875
3 0.84765625 0.392578125 0.1455078125 0.146484375
3 0.0322265625 0.5869140625 0.064453125 0.1328125
3 0.1240234375 0.673828125 0.109375 0.1123046875
3 0.732421875 0.8203125 0.1357421875 0.1279296875
3 0.9580078125 0.509765625 0.083984375 0.134765625
3 0.0302734375 0.2333984375 0.060546875 0.1484375
3 0.6962890625 0.0654296875 0.1357421875 0.130859375
3 0.9609375 0.8876953125 0.076171875 0.15625
3 0.3232421875 0.484375 0.1767578125 0.171875
3 0.130859375 0.794921875 0.115234375 0.1201171875
3 0.5595703125 0.93359375 0.1328125 0.1298828125
3 0.4541015625 0.029296875 0.1455078125 0.0576171875
3 0.244140625 0.412109375 0.083984375 0.0888671875
3 0.46875 0.7783203125 0.220703125 0.21875
3 0.181640625 0.7255859375 0.107421875 0.111328125
3 0.021484375 0.802734375 0.04296875 0.1015625
3 0.5546875 0.677734375 0.140625 0.1357421875
3 0.7880859375 0.3271484375 0.09375 0.087890625
3 0.0390625 0.935546875 0.078125 0.126953125
3 0.68359375 0.513671875 0.1376953125 0.1328125
3 0.1494140625 0.697265625 0.1796875 0.173828125
3 0.78125 0.53125 0.0810546875 0.0859375
3 0.0654296875 0.861328125 0.130859375 0.1298828125
3 0.669921875 0.6689453125 0.056640625 0.052734375
2 0.8994140625 0.23828125 0.201171875 0.29296875
2 0.0400390625 0.935546875 0.078125 0.126953125
0 0.896484375 0.19140625 0.203125 0.3828125
3 0.623046875 0.5888671875 0.150390625 0.1513671875
3 0.0244140625 0.025390625 0.048828125 0.05078125
3 0.7412109375 0.419921875 0.134765625 0.119140625
1 0.3427734375 0.25 0.1142578125 0.107421875
3 0.6513671875 0.5556640625 0.2138671875 0.2216796875
3 0.009765625 0.115234375 0.0185546875 0.0986328125
3 0.9169921875 0.873046875 0.0498046875 0.0517578125
3 0.8935546875 0.974609375 0.1796875 0.048828125
1 0.408203125 0.42578125 0.115234375 0.1171875
3 0.4501953125 0.01171875 0.1357421875 0.0234375
1 0.06640625 0.861328125 0.130859375 0.130859375
3 0.8603515625 0.9814453125 0.130859375 0.037109375