3 0.5576171875 0.115234375 0.1357421875 0.115234375
3 0.2109375 0.4208984375 0.1044921875 0.1201171875
3 0.197265625 0.169921875 0.115234375 0.1376953125
3 0.048828125 0.841796875 0.09765625 0.1171875
3 0.837890625 0.111328125 0.1611328125 0.125
3 0.5419921875 0.0400390625 0.1513671875 0.078125
3 0.8583984375 0.5751953125 0.1357421875 0.193359375
3 0.4248046875 0.6220703125 0.09375 0.0986328125
3 0.041015625 0.294921875 0.08203125 0.16796875
3 0.4140625 0.943359375 0.1064453125 0.1064453125
3 0.4365234375 0.525390625 0.111328125 0.103515625
3 0.1005859375 0.220703125 0.1279296875 0.130859375
3 0.103515625 0.638671875 0.119140625 0.1279296875
1 0.57421875 0.62109375 0.140625 0.1044921875
3 0.5869140625 0.21875 0.078125 0.0986328125
3 0.201171875 0.880859375 0.109375 0.107421875
3 0.9580078125 0.724609375 0.083984375 0.138671875
3 0.408203125 0.103515625 0.091796875 0.087890625
3 0.447265625 0.4248046875 0.1220703125 0.109375
3 0.82421875 0.03515625 0.15625 0.0703125
1 0.431640625 0.7353515625 0.1484375 0.1220703125
3 0.98046875 0.41015625 0.0390625 0.103515625
3 0.068359375 0.736328125 0.0986328125 0.0986328125
3 0.421875 0.21484375 0.080078125 0.099609375
3 0.953125 0.95703125 0.091796875 0.0830078125
3 0.1806640625 0.048828125 0.123046875 0.095703125
3 0.1826171875 0.9658203125 0.0830078125 0.068359375
3 0.978515625 0.111328125 0.0419921875 0.107421875
3 0.853515625 0.3203125 0.1142578125 0.1044921875
3 0.4453125 0.3203125 0.1142578125 0.1123046875
3 0.9853515625 0.2109375 0.029296875 0.099609375
3 0.04296875 0.080078125 0.0859375 0.1279296875
3 0.203125 0.5498046875 0.1142578125 0.1123046875
1 0.4462890625 0.3193359375 0.1142578125 0.109375
3 0.84375 0.94921875 0.1328125 0.099609375
3 0.1943359375 0.767578125 0.0888671875 0.087890625
3 0.9677734375 0.599609375 0.0625 0.1220703125
1 0.57421875 0.7314453125 0.1201171875 0.111328125
3 0.599609375 0.421875 0.087890625 0.095703125
1 0.416015625 0.83984375 0.111328125 0.103515625
3 0.033203125 0.935546875 0.06640625 0.11328125
1 0.849609375 0.21875 0.1044921875 0.1015625
3 0.611328125 0.5166015625 0.1015625 0.0966796875
3 0.8466796875 0.421875 0.119140625 0.099609375
3 0.5732421875 0.7333984375 0.1201171875 0.111328125
3 0.1953125 0.6650390625 0.1142578125 0.1298828125
3 0.8388671875 0.7353515625 0.109375 0.1220703125
3 0.888671875 0.525390625 0.0654296875 0.087890625
1 0.576171875 0.3017578125 0.1298828125 0.142578125
3 0.8486328125 0.21875 0.1064453125 0.103515625
1 0.40234375 0.03515625 0.123046875 0.0703125
3 0.5654296875 0.9423828125 0.115234375 0.1142578125
1 0.84375 0.94921875 0.1328125 0.099609375
3 0.9794921875 0.310546875 0.041015625 0.103515625
3 0.431640625 0.734375 0.1455078125 0.123046875
1 0.0224609375 0.400390625 0.044921875 0.1044921875
1 0.9658203125 0.5595703125 0.068359375 0.2001953125
3 0.40234375 0.0341796875 0.1171875 0.068359375
3 0.029296875 0.0087890625 0.05859375 0.017578125
1 0.83984375 0.734375 0.1123046875 0.123046875
3 0.970703125 0.505859375 0.0576171875 0.095703125
3 0.216796875 0.619140625 0.0576171875 0.033203125
3 0.134765625 0.9921875 0.109375 0.013671875
1 0.853515625 0.3203125 0.1171875 0.1044921875
3 0.572265625 0.6220703125 0.140625 0.1064453125
3 0.2783203125 0.041015625 0.099609375 0.0810546875
1 0.56640625 0.9423828125 0.1171875 0.1142578125
3 0.5361328125 0.513671875 0.0546875 0.087890625
3 0.583984375 0.8310546875 0.0986328125 0.095703125
3 0.58203125 0.26953125 0.1435546875 0.1982421875
3 0.5859375 0.4677734375 0.15625 0.197265625
3 0.279296875 0.0126953125 0.0419921875 0.025390625
1 0.2041015625 0.5498046875 0.1142578125 0.1142578125
3 0.064453125 0.9697265625 0.0576171875 0.060546875