3 0.056640625 0.6357421875 0.111328125 0.189453125
3 0.265625 0.951171875 0.0751953125 0.0966796875
3 0.564453125 0.181640625 0.1201171875 0.1298828125
3 0.154296875 0.9462890625 0.1171875 0.107421875
3 0.6328125 0.2294921875 0.1298828125 0.1357421875
3 0.5029296875 0.1337890625 0.1171875 0.1201171875
3 0.8349609375 0.9775390625 0.099609375 0.044921875
3 0.7666015625 0.044921875 0.134765625 0.08984375
3 0.7021484375 0.302734375 0.1875 0.162109375
3 0.8271484375 0.068359375 0.134765625 0.13671875
3 0.5888671875 0.951171875 0.103515625 0.0966796875
3 0.443359375 0.0869140625 0.130859375 0.1376953125
3 0.8515625 0.8037109375 0.244140625 0.2216796875
3 0.453125 0.7421875 0.181640625 0.1689453125
1 0.408203125 0.94921875 0.091796875 0.099609375
3 0.9599609375 0.5380859375 0.078125 0.169921875
3 0.3740234375 0.05078125 0.140625 0.099609375
3 0.4990234375 0.9521484375 0.1015625 0.09375
3 0.9521484375 0.189453125 0.095703125 0.158203125
3 0.54296875 0.9453125 0.1953125 0.107421875
3 0.6669921875 0.775390625 0.125 0.150390625
3 0.2109375 0.357421875 0.1591796875 0.216796875
3 0.9287109375 0.974609375 0.095703125 0.0498046875
3 0.794921875 0.953125 0.1904296875 0.09375
3 0.90234375 0.7978515625 0.1298828125 0.15625
3 0.2216796875 0.69140625 0.259765625 0.2373046875
3 0.28125 0.7041015625 0.1376953125 0.1953125
3 0.7421875 0.505859375 0.1357421875 0.1689453125
2 0.3740234375 0.0498046875 0.1328125 0.099609375
3 0.7001953125 0.025390625 0.1435546875 0.0498046875
3 0.6396484375 0.4951171875 0.0986328125 0.1513671875
2 0.951171875 0.19140625 0.0966796875 0.1640625
3 0.837890625 0.53515625 0.130859375 0.150390625
3 0.623046875 0.775390625 0.2236328125 0.2060546875
3 0.9072265625 0.025390625 0.134765625 0.05078125
3 0.607421875 0.255859375 0.1826171875 0.193359375
3 0.6982421875 0.283203125 0.1142578125 0.1220703125
1 0.3076171875 0.4140625 0.09375 0.1513671875
1 0.443359375 0.0869140625 0.130859375 0.134765625
3 0.376953125 0.431640625 0.1357421875 0.1923828125
3 0.669921875 0.970703125 0.087890625 0.0576171875
3 0.30859375 0.4140625 0.1015625 0.15625
3 0.0546875 0.3671875 0.109375 0.171875
3 0.7529296875 0.97265625 0.0966796875 0.0546875
1 0.669921875 0.970703125 0.087890625 0.0576171875
0 0.142578125 0.37109375 0.2841796875 0.2763671875
3 0.28125 0.775390625 0.0595703125 0.0576171875
3 0.4072265625 0.94921875 0.0908203125 0.099609375
3 0.638671875 0.3310546875 0.056640625 0.0576171875