3 0.8203125 0.197265625 0.1533203125 0.1357421875
3 0.861328125 0.29296875 0.1328125 0.1171875
3 0.779296875 0.1123046875 0.140625 0.1279296875
3 0.951171875 0.052734375 0.0966796875 0.1044921875
3 0.072265625 0.8115234375 0.14453125 0.173828125
3 0.724609375 0.052734375 0.1328125 0.1044921875
3 0.82421875 0.48828125 0.154296875 0.162109375
3 0.2626953125 0.9033203125 0.1484375 0.130859375
2 0.0576171875 0.263671875 0.1142578125 0.15625
2 0.1298828125 0.0927734375 0.203125 0.185546875
3 0.8818359375 0.4130859375 0.140625 0.134765625
3 0.1611328125 0.8642578125 0.099609375 0.119140625
3 0.7470703125 0.791015625 0.126953125 0.1328125
2 0.314453125 0.0615234375 0.212890625 0.123046875
3 0.513671875 0.4423828125 0.1201171875 0.1171875
3 0.943359375 0.9541015625 0.107421875 0.0908203125
3 0.5751953125 0.3916015625 0.1171875 0.1201171875
3 0.869140625 0.685546875 0.1455078125 0.1513671875
3 0.44140625 0.494140625 0.1376953125 0.1328125
2 0.126953125 0.541015625 0.146484375 0.158203125
3 0.634765625 0.6494140625 0.125 0.126953125
1 0.380859375 0.869140625 0.130859375 0.140625
3 0.919921875 0.01953125 0.1484375 0.037109375
2 0.1728515625 0.46875 0.087890625 0.091796875
3 0.626953125 0.923828125 0.1220703125 0.1220703125
3 0.5654296875 0.95703125 0.140625 0.083984375
3 0.9697265625 0.123046875 0.060546875 0.125
2 0.1318359375 0.19140625 0.072265625 0.0703125
3 0.9609375 0.580078125 0.078125 0.1455078125
3 0.93359375 0.63671875 0.1201171875 0.125
3 0.6826171875 0.85546875 0.1455078125 0.134765625
3 0.0966796875 0.9814453125 0.107421875 0.037109375
3 0.033203125 0.9697265625 0.064453125 0.0595703125
3 0.443359375 0.8251953125 0.1123046875 0.1171875
2 0.2509765625 0.4375 0.146484375 0.15625
3 0.5732421875 0.705078125 0.1328125 0.1328125
2 0.033203125 0.630859375 0.0654296875 0.1845703125
3 0.388671875 0.556640625 0.123046875 0.1201171875
3 0.9873046875 0.2001953125 0.025390625 0.1455078125
3 0.56640625 0.169921875 0.1513671875 0.158203125
3 0.2568359375 0.68359375 0.1376953125 0.142578125
3 0.7626953125 0.5478515625 0.1611328125 0.171875
3 0.4306640625 0.267578125 0.115234375 0.119140625
3 0.583984375 0.294921875 0.0595703125 0.0595703125
3 0.3544921875 0.5947265625 0.2109375 0.2001953125
1 0.818359375 0.751953125 0.1376953125 0.150390625
3 0.44921875 0.9345703125 0.0498046875 0.048828125
3 0.029296875 0.908203125 0.0576171875 0.0546875
3 0.6396484375 0.3388671875 0.1220703125 0.134765625
3 0.9580078125 0.76953125 0.083984375 0.08984375
3 0.697265625 0.5986328125 0.134765625 0.146484375
3 0.53515625 0.2021484375 0.2216796875 0.2236328125
3 0.486328125 0.2021484375 0.1279296875 0.125
3 0.373046875 0.3232421875 0.126953125 0.126953125
1 0.685546875 0.8544921875 0.140625 0.130859375
0 0.443359375 0.263671875 0.3984375 0.3564453125
2 0.443359375 0.271484375 0.416015625 0.361328125
2 0.310546875 0.3720703125 0.1220703125 0.123046875
1 0.9619140625 0.580078125 0.076171875 0.14453125
3 0.5205078125 0.77734375 0.1484375 0.1611328125
3 0.5986328125 0.29296875 0.09375 0.111328125