3 0.470703125 0.099609375 0.1015625 0.109375
1 0.896484375 0.2353515625 0.095703125 0.103515625
3 0.20703125 0.048828125 0.1171875 0.09765625
1 0.740234375 0.4619140625 0.083984375 0.103515625
3 0.892578125 0.73046875 0.0576171875 0.0703125
3 0.8544921875 0.6357421875 0.119140625 0.1279296875
3 0.8125 0.0712890625 0.119140625 0.1123046875
1 0.078125 0.0908203125 0.1376953125 0.138671875
1 0.978515625 0.3173828125 0.0419921875 0.1064453125
1 0.8642578125 0.396484375 0.119140625 0.130859375
3 0.96875 0.0341796875 0.0625 0.0673828125
1 0.1201171875 0.3310546875 0.0986328125 0.109375
3 0.771484375 0.080078125 0.2080078125 0.150390625