3 0.1171875 0.74609375 0.138671875 0.115234375
3 0.1953125 0.8798828125 0.09375 0.087890625
3 0.572265625 0.693359375 0.1220703125 0.119140625
1 0.6328125 0.583984375 0.056640625 0.056640625
3 0.9755859375 0.591796875 0.046875 0.125
1 0.671875 0.5322265625 0.060546875 0.087890625
1 0.3203125 0.681640625 0.1220703125 0.1142578125
3 0.322265625 0.685546875 0.1171875 0.1064453125
1 0.94140625 0.4873046875 0.1171875 0.0810546875
3 0.94140625 0.48828125 0.1171875 0.0830078125
3 0.912109375 0.4892578125 0.0419921875 0.060546875
1 0.5517578125 0.783203125 0.0673828125 0.064453125