1 0.212890625 0.259765625 0.1533203125 0.1875
3 0.3515625 0.337890625 0.150390625 0.134765625
1 0.224609375 0.724609375 0.091796875 0.080078125
3 0.53515625 0.775390625 0.123046875 0.123046875
1 0.0732421875 0.2900390625 0.146484375 0.177734375
3 0.451171875 0.5546875 0.0810546875 0.0703125
2 0.7900390625 0.3017578125 0.2529296875 0.125
3 0.251953125 0.3779296875 0.09375 0.091796875
3 0.1240234375 0.931640625 0.134765625 0.1357421875
3 0.3115234375 0.1728515625 0.111328125 0.1015625
3 0.3505859375 0.2587890625 0.078125 0.0703125
1 0.65234375 0.1181640625 0.1455078125 0.1611328125
0 0.5849609375 0.4765625 0.1953125 0.3251953125
1 0.86328125 0.0458984375 0.1123046875 0.091796875
1 0.03125 0.7958984375 0.0625 0.109375
1 0.6455078125 0.0771484375 0.0859375 0.068359375
3 0.5302734375 0.0849609375 0.1015625 0.126953125
3 0.244140625 0.0673828125 0.0732421875 0.083984375
3 0.701171875 0.791015625 0.1220703125 0.1044921875
1 0.142578125 0.0908203125 0.109375 0.1171875
3 0.4677734375 0.0966796875 0.234375 0.193359375
3 0.490234375 0.2080078125 0.1376953125 0.115234375
1 0.7724609375 0.9697265625 0.107421875 0.060546875
3 0.3408203125 0.595703125 0.119140625 0.1064453125
3 0.517578125 0.279296875 0.1328125 0.126953125
1 0.1796875 0.5888671875 0.158203125 0.181640625
3 0.0986328125 0.7626953125 0.078125 0.0654296875
3 0.279296875 0.861328125 0.083984375 0.076171875
3 0.771484375 0.0419921875 0.109375 0.083984375
3 0.4111328125 0.4794921875 0.1171875 0.115234375
3 0.287109375 0.9541015625 0.1015625 0.087890625
3 0.396484375 0.732421875 0.095703125 0.09375
3 0.126953125 0.0244140625 0.099609375 0.048828125
3 0.0419921875 0.87109375 0.083984375 0.115234375
3 0.103515625 0.4111328125 0.080078125 0.0810546875
3 0.8896484375 0.763671875 0.146484375 0.1689453125
1 0.1318359375 0.068359375 0.078125 0.064453125
2 0.888671875 0.7626953125 0.146484375 0.169921875
3 0.0390625 0.125 0.078125 0.091796875
1 0.1953125 0.734375 0.1611328125 0.111328125
1 0.412109375 0.48046875 0.1201171875 0.119140625
1 0.6904296875 0.216796875 0.083984375 0.0830078125
3 0.02734375 0.0224609375 0.0546875 0.044921875
1 0.771484375 0.0419921875 0.1123046875 0.083984375
1 0.4384765625 0.8310546875 0.107421875 0.0810546875
3 0.810546875 0.171875 0.1279296875 0.1201171875
1 0.091796875 0.326171875 0.0986328125 0.095703125
1 0.1767578125 0.1552734375 0.1044921875 0.076171875
3 0.0322265625 0.970703125 0.0625 0.0576171875
1 0.0263671875 0.0224609375 0.052734375 0.044921875
3 0.7353515625 0.8671875 0.1298828125 0.126953125
3 0.4033203125 0.046875 0.076171875 0.060546875
1 0.46484375 0.138671875 0.1142578125 0.0986328125
2 0.8134765625 0.349609375 0.283203125 0.228515625
0 0.8134765625 0.349609375 0.2841796875 0.228515625
3 0.263671875 0.806640625 0.1015625 0.0830078125
3 0.201171875 0.216796875 0.125 0.103515625
3 0.580078125 0.009765625 0.0888671875 0.0185546875
3 0.435546875 0.83203125 0.1015625 0.076171875
3 0.1787109375 0.5908203125 0.1611328125 0.177734375
3 0.8623046875 0.046875 0.1142578125 0.09375
0 0.5693359375 0.451171875 0.158203125 0.185546875
3 0.822265625 0.611328125 0.228515625 0.197265625
3 0.0732421875 0.626953125 0.146484375 0.189453125
1 0.7998046875 0.8037109375 0.109375 0.140625
1 0.123046875 0.025390625 0.109375 0.05078125
0 0.13671875 0.6435546875 0.2734375 0.3203125
2 0.8271484375 0.6123046875 0.236328125 0.201171875
1 0.6630859375 0.142578125 0.1064453125 0.107421875
1 0.5556640625 0.4287109375 0.115234375 0.1201171875