3 0.8984375 0.7861328125 0.134765625 0.1142578125
3 0.947265625 0.544921875 0.103515625 0.140625
3 0.8681640625 0.7138671875 0.1328125 0.109375
3 0.947265625 0.939453125 0.1044921875 0.1201171875
3 0.6484375 0.818359375 0.1533203125 0.1298828125
3 0.693359375 0.8857421875 0.111328125 0.1044921875
3 0.92578125 0.865234375 0.130859375 0.1171875
3 0.376953125 0.5556640625 0.1455078125 0.1357421875
3 0.830078125 0.640625 0.1328125 0.111328125
3 0.064453125 0.931640625 0.126953125 0.1357421875
3 0.4892578125 0.419921875 0.1142578125 0.111328125
3 0.8017578125 0.5615234375 0.1455078125 0.125
3 0.9716796875 0.625 0.0546875 0.107421875
3 0.1875 0.935546875 0.1591796875 0.1279296875
3 0.6318359375 0.736328125 0.119140625 0.1171875
3 0.7109375 0.94921875 0.154296875 0.099609375
3 0.5732421875 0.6796875 0.166015625 0.1455078125
1 0.8857421875 0.3408203125 0.1357421875 0.126953125
3 0.51171875 0.49609375 0.1298828125 0.1015625
3 0.1591796875 0.8486328125 0.1513671875 0.140625
3 0.966796875 0.9814453125 0.0654296875 0.037109375
3 0.4609375 0.3427734375 0.1123046875 0.109375
3 0.748046875 0.48828125 0.123046875 0.109375
3 0.8427734375 0.234375 0.15625 0.1689453125
3 0.4970703125 0.9765625 0.1455078125 0.046875
3 0.421875 0.8427734375 0.244140625 0.296875
3 0.2392578125 0.9755859375 0.154296875 0.046875
3 0.3095703125 0.4150390625 0.1875 0.236328125
3 0.0595703125 0.708984375 0.1171875 0.142578125
3 0.970703125 0.755859375 0.056640625 0.107421875
0 0.6884765625 0.3125 0.2548828125 0.326171875
3 0.4287109375 0.26953125 0.1142578125 0.109375
0 0.392578125 0.146484375 0.275390625 0.2060546875
3 0.716796875 0.4072265625 0.1298828125 0.1298828125
2 0.130859375 0.0595703125 0.2607421875 0.119140625
3 0.7490234375 0.9853515625 0.119140625 0.029296875
2 0.3916015625 0.1494140625 0.271484375 0.2109375
3 0.1474609375 0.5517578125 0.2470703125 0.34375
0 0.2578125 0.2275390625 0.515625 0.388671875
3 0.443359375 0.306640625 0.1484375 0.189453125
3 0.107421875 0.4609375 0.142578125 0.158203125
3 0.9892578125 0.1494140625 0.021484375 0.1513671875
3 0.677734375 0.310546875 0.2373046875 0.3330078125
3 0.4111328125 0.4609375 0.060546875 0.0625
3 0.9921875 0.814453125 0.015625 0.076171875