3 0.423828125 0.275390625 0.1279296875 0.1376953125
3 0.041015625 0.2470703125 0.08203125 0.138671875
3 0.091796875 0.294921875 0.125 0.126953125
3 0.2880859375 0.171875 0.115234375 0.1171875
3 0.0546875 0.48046875 0.107421875 0.1201171875
3 0.3544921875 0.220703125 0.125 0.126953125
3 0.2294921875 0.396484375 0.1171875 0.119140625
3 0.2158203125 0.123046875 0.1171875 0.1201171875
3 0.2900390625 0.453125 0.1142578125 0.1123046875
3 0.154296875 0.349609375 0.140625 0.1455078125
3 0.154296875 0.0703125 0.109375 0.107421875
3 0.111328125 0.5361328125 0.1064453125 0.107421875
3 0.6337890625 0.8251953125 0.095703125 0.0830078125
3 0.408203125 0.650390625 0.0859375 0.0810546875
3 0.4833984375 0.32421875 0.1142578125 0.126953125
3 0.8828125 0.28515625 0.091796875 0.0888671875
3 0.0517578125 0.763671875 0.103515625 0.115234375
3 0.341796875 0.5126953125 0.119140625 0.1328125
3 0.2822265625 0.7978515625 0.0810546875 0.080078125
3 0.1083984375 0.806640625 0.119140625 0.1357421875
3 0.181640625 0.587890625 0.119140625 0.115234375
1 0.1875 0.9111328125 0.0703125 0.0654296875
2 0.794921875 0.6396484375 0.1171875 0.109375
3 0.0263671875 0.416015625 0.0517578125 0.1064453125
3 0.833984375 0.0966796875 0.091796875 0.0859375
3 0.931640625 0.8818359375 0.0830078125 0.080078125
3 0.974609375 0.8046875 0.0498046875 0.0908203125
3 0.6728515625 0.9716796875 0.095703125 0.056640625
3 0.646484375 0.587890625 0.09375 0.0888671875
3 0.595703125 0.857421875 0.0830078125 0.078125
3 0.9599609375 0.84765625 0.080078125 0.0859375
3 0.0908203125 0.037109375 0.099609375 0.07421875
3 0.7421875 0.919921875 0.0673828125 0.0654296875
3 0.66796875 0.423828125 0.107421875 0.115234375
3 0.3779296875 0.6943359375 0.0966796875 0.09375
3 0.021484375 0.7080078125 0.04296875 0.123046875
3 0.71484375 0.9541015625 0.0732421875 0.0732421875
3 0.5771484375 0.9052734375 0.1064453125 0.095703125
2 0.701171875 0.75 0.1142578125 0.1015625
3 0.794921875 0.83203125 0.0966796875 0.095703125
3 0.328125 0.0439453125 0.138671875 0.0859375
3 0.763671875 0.1845703125 0.0888671875 0.083984375
3 0.8837890625 0.61328125 0.0830078125 0.0859375
2 0.9541015625 0.447265625 0.091796875 0.111328125
1 0.7626953125 0.294921875 0.095703125 0.1064453125
3 0.380859375 0.931640625 0.0810546875 0.078125
3 0.623046875 0.6328125 0.0810546875 0.080078125
3 0.953125 0.447265625 0.091796875 0.111328125
1 0.162109375 0.9521484375 0.091796875 0.0888671875
3 0.9013671875 0.91796875 0.083984375 0.0810546875
3 0.28515625 0.861328125 0.080078125 0.0751953125
3 0.2958984375 0.9814453125 0.0859375 0.037109375
3 0.3349609375 0.9541015625 0.115234375 0.091796875
1 0.9013671875 0.0595703125 0.1611328125 0.1171875
1 0.5849609375 0.6611328125 0.078125 0.0751953125
3 0.046875 0.0146484375 0.09375 0.029296875
3 0.716796875 0.0185546875 0.1044921875 0.037109375
3 0.4189453125 0.044921875 0.134765625 0.08984375
3 0.337890625 0.7431640625 0.1376953125 0.138671875
3 0.458984375 0.6064453125 0.1484375 0.1533203125
1 0.54296875 0.68359375 0.068359375 0.0654296875
3 0.474609375 0.5791015625 0.091796875 0.0830078125
3 0.541015625 0.091796875 0.171875 0.18359375
3 0.0244140625 0.9189453125 0.048828125 0.109375
3 0.8837890625 0.9638671875 0.048828125 0.052734375
3 0.1279296875 0.9765625 0.087890625 0.046875
0 0.6279296875 0.435546875 0.296875 0.271484375
3 0.419921875 0.6005859375 0.068359375 0.0673828125
3 0.2109375 0.0390625 0.0498046875 0.052734375
3 0.1611328125 0.951171875 0.0908203125 0.087890625
3 0.7998046875 0.326171875 0.0986328125 0.1015625
1 0.267578125 0.599609375 0.0986328125 0.0986328125
3 0.822265625 0.5439453125 0.115234375 0.1298828125
3 0.857421875 0.7587890625 0.080078125 0.080078125
3 0.734375 0.263671875 0.099609375 0.111328125
3 0.97265625 0.48046875 0.0546875 0.099609375
1 0.751953125 0.8671875 0.1064453125 0.099609375
3 0.4306640625 0.8466796875 0.154296875 0.1845703125
3 0.888671875 0.7197265625 0.087890625 0.0859375
3 0.634765625 0.427734375 0.283203125 0.25
1 0.693359375 0.2392578125 0.091796875 0.107421875
1 0.763671875 0.1845703125 0.0888671875 0.087890625
3 0.009765625 0.1923828125 0.01953125 0.103515625
3 0.9375 0.623046875 0.083984375 0.0888671875
1 0.5966796875 0.357421875 0.0859375 0.087890625
3 0.470703125 0.9892578125 0.1044921875 0.021484375
3 0.5224609375 0.958984375 0.1123046875 0.0810546875
3 0.755859375 0.49609375 0.0986328125 0.1044921875
3 0.8662109375 0.5634765625 0.087890625 0.087890625
3 0.9755859375 0.9716796875 0.046875 0.0546875
3 0.4794921875 0.5234375 0.0517578125 0.0576171875
3 0.240234375 0.830078125 0.060546875 0.064453125
3 0.513671875 0.08203125 0.107421875 0.123046875
3 0.4091796875 0.8935546875 0.083984375 0.0830078125
2 0.626953125 0.439453125 0.298828125 0.265625
3 0.990234375 0.51953125 0.0185546875 0.099609375
3 0.7177734375 0.45703125 0.09375 0.0966796875
3 0.2685546875 0.5966796875 0.0966796875 0.1015625
3 0.939453125 0.234375 0.115234375 0.1171875
1 0.84375 0.806640625 0.068359375 0.064453125
3 0.4609375 0.0712890625 0.0859375 0.0859375
3 0.693359375 0.2412109375 0.0908203125 0.1044921875
3 0.36328125 0.6806640625 0.0654296875 0.064453125
3 0.3310546875 0.1181640625 0.0986328125 0.0888671875
1 0.474609375 0.7626953125 0.095703125 0.0908203125
3 0.521484375 0.7216796875 0.0908203125 0.0810546875
3 0.47265625 0.0673828125 0.2529296875 0.134765625
1 0.80078125 0.326171875 0.0966796875 0.0986328125
0 0.9072265625 0.0625 0.169921875 0.123046875
3 0.9736328125 0.3515625 0.0517578125 0.0703125
3 0.9765625 0.0849609375 0.046875 0.150390625
3 0.6640625 0.787109375 0.1123046875 0.1015625
3 0.8505859375 0.9892578125 0.0888671875 0.0205078125
3 0.689453125 0.447265625 0.15625 0.173828125