3 0.39453125 0.85546875 0.126953125 0.173828125
3 0.8984375 0.1708984375 0.1201171875 0.126953125
3 0.521484375 0.724609375 0.1220703125 0.1376953125
3 0.3056640625 0.830078125 0.1171875 0.142578125
3 0.125 0.1787109375 0.115234375 0.1435546875
3 0.162109375 0.3642578125 0.115234375 0.1435546875
3 0.0771484375 0.3369140625 0.1220703125 0.1455078125
3 0.546875 0.318359375 0.1123046875 0.138671875
3 0.2939453125 0.23046875 0.115234375 0.123046875
3 0.4638671875 0.2900390625 0.1298828125 0.173828125
3 0.412109375 0.4521484375 0.103515625 0.115234375
3 0.9541015625 0.83203125 0.091796875 0.111328125
3 0.50390625 0.466796875 0.1123046875 0.1328125
3 0.2470703125 0.388671875 0.109375 0.1328125
3 0.046875 0.1552734375 0.091796875 0.1220703125
3 0.1806640625 0.6162109375 0.1044921875 0.1171875
3 0.8232421875 0.9560546875 0.1171875 0.0859375
3 0.6455078125 0.93359375 0.109375 0.130859375
3 0.439453125 0.689453125 0.1015625 0.1142578125
3 0.7373046875 0.935546875 0.1201171875 0.1279296875
3 0.0966796875 0.5927734375 0.1171875 0.125
3 0.353515625 0.669921875 0.1171875 0.134765625
3 0.9638671875 0.19140625 0.0703125 0.1357421875
3 0.0576171875 0.9697265625 0.107421875 0.060546875
3 0.5849609375 0.505859375 0.1015625 0.111328125
3 0.9326171875 0.60546875 0.1044921875 0.1220703125
3 0.802734375 0.146484375 0.103515625 0.111328125
3 0.607421875 0.759765625 0.126953125 0.1611328125
3 0.2099609375 0.1982421875 0.103515625 0.109375
3 0.12890625 0.791015625 0.1015625 0.1142578125
3 0.474609375 0.888671875 0.0966796875 0.1123046875
3 0.7138671875 0.115234375 0.1064453125 0.1328125
3 0.380859375 0.2451171875 0.109375 0.1171875
3 0.787109375 0.78125 0.09375 0.1015625
3 0.8671875 0.830078125 0.1220703125 0.146484375
3 0.8408203125 0.5869140625 0.109375 0.1171875
3 0.7685546875 0.53125 0.125 0.1591796875
3 0.9384765625 0.0458984375 0.123046875 0.091796875
3 0.353515625 0.0380859375 0.1064453125 0.076171875
3 0.7509765625 0.0244140625 0.1015625 0.048828125
3 0.630859375 0.322265625 0.0986328125 0.115234375
3 0.671875 0.5224609375 0.1064453125 0.1298828125
3 0.69140625 0.771484375 0.1064453125 0.119140625
3 0.0283203125 0.5595703125 0.0546875 0.109375
3 0.89453125 0.5224609375 0.044921875 0.0517578125
1 0.458984375 0.0517578125 0.130859375 0.1015625
3 0.265625 0.025390625 0.099609375 0.0498046875
3 0.2666015625 0.6513671875 0.123046875 0.1455078125
3 0.2177734375 0.8125 0.091796875 0.111328125
3 0.333984375 0.408203125 0.123046875 0.1513671875
3 0.017578125 0.3251953125 0.03515625 0.130859375
3 0.6318359375 0.0791015625 0.1220703125 0.1455078125
3 0.8828125 0.8076171875 0.087890625 0.0908203125
3 0.9736328125 0.443359375 0.0517578125 0.1220703125
3 0.556640625 0.904296875 0.1044921875 0.1220703125
3 0.9765625 0.6416015625 0.044921875 0.1376953125
1 0.2666015625 0.6513671875 0.123046875 0.1435546875
1 0.8994140625 0.3984375 0.109375 0.125
3 0.986328125 0.888671875 0.0263671875 0.140625
3 0.8994140625 0.98046875 0.1015625 0.0390625
3 0.0498046875 0.759765625 0.099609375 0.1123046875
3 0.8447265625 0.01171875 0.1142578125 0.0234375
3 0.900390625 0.400390625 0.111328125 0.1201171875
1 0.8095703125 0.37890625 0.0986328125 0.119140625
3 0.982421875 0.060546875 0.0341796875 0.1201171875
3 0.73046875 0.33984375 0.076171875 0.0888671875
3 0.9638671875 0.9892578125 0.072265625 0.021484375
3 0.142578125 0.5126953125 0.0498046875 0.0361328125
3 0.048828125 0.015625 0.095703125 0.03125
3 0.7646484375 0.20703125 0.0517578125 0.0576171875
1 0.7685546875 0.533203125 0.125 0.1591796875
3 0.7783203125 0.869140625 0.0439453125 0.041015625
3 0.91796875 0.9892578125 0.1640625 0.021484375
3 0.33203125 0.794921875 0.064453125 0.0654296875