3 0.5615234375 0.5498046875 0.1484375 0.1455078125
3 0.404296875 0.7568359375 0.138671875 0.126953125
3 0.095703125 0.5498046875 0.142578125 0.1357421875
3 0.4599609375 0.681640625 0.1435546875 0.1376953125
3 0.7314453125 0.5595703125 0.1201171875 0.1142578125
3 0.2587890625 0.564453125 0.1220703125 0.109375
3 0.359375 0.8271484375 0.1455078125 0.140625
3 0.7998046875 0.849609375 0.1533203125 0.146484375
3 0.4931640625 0.60546875 0.125 0.115234375
3 0.05859375 0.841796875 0.1171875 0.1123046875
3 0.740234375 0.9150390625 0.1328125 0.126953125
3 0.2392578125 0.947265625 0.142578125 0.1044921875
3 0.1865234375 0.40234375 0.1279296875 0.123046875
3 0.41015625 0.9609375 0.1376953125 0.078125
3 0.1357421875 0.470703125 0.1279296875 0.1220703125
3 0.484375 0.9072265625 0.1142578125 0.107421875
3 0.62890625 0.703125 0.125 0.1171875
3 0.20703125 0.6142578125 0.0859375 0.0830078125
3 0.697265625 0.962890625 0.126953125 0.0732421875
3 0.0361328125 0.603515625 0.0703125 0.1044921875
3 0.365234375 0.416015625 0.134765625 0.134765625
3 0.5751953125 0.763671875 0.1376953125 0.1328125
3 0.3193359375 0.490234375 0.119140625 0.119140625
3 0.0966796875 0.7587890625 0.146484375 0.138671875
3 0.1640625 0.7041015625 0.1123046875 0.1123046875
3 0.236328125 0.3291015625 0.1220703125 0.119140625
3 0.029296875 0.2705078125 0.05859375 0.099609375
3 0.80859375 0.4794921875 0.107421875 0.107421875
3 0.416015625 0.3408203125 0.130859375 0.130859375
2 0.9072265625 0.099609375 0.1279296875 0.1376953125
1 0.51953125 0.8251953125 0.1435546875 0.1298828125
3 0.03125 0.91796875 0.0625 0.1142578125
3 0.0595703125 0.1953125 0.1171875 0.111328125
3 0.677734375 0.640625 0.115234375 0.107421875
3 0.2900390625 0.2568359375 0.1298828125 0.1328125
2 0.544921875 0.19921875 0.1064453125 0.115234375
3 0.2978515625 0.90625 0.0908203125 0.103515625
3 0.875 0.9794921875 0.1015625 0.041015625
1 0.927734375 0.935546875 0.142578125 0.126953125
3 0.849609375 0.056640625 0.125 0.111328125
3 0.595703125 0.4677734375 0.1064453125 0.1064453125
2 0.7607421875 0.3125 0.134765625 0.1455078125
3 0.654296875 0.373046875 0.0966796875 0.09375
2 0.490234375 0.134765625 0.140625 0.1513671875
3 0.9599609375 0.861328125 0.080078125 0.123046875
3 0.84765625 0.775390625 0.1533203125 0.150390625
3 0.8955078125 0.6923828125 0.111328125 0.109375
3 0.0234375 0.677734375 0.046875 0.111328125
3 0.5439453125 0.201171875 0.1044921875 0.1142578125
3 0.974609375 0.515625 0.0498046875 0.1533203125
2 0.849609375 0.056640625 0.126953125 0.1123046875
2 0.7734375 0.033203125 0.1376953125 0.0654296875
3 0.904296875 0.099609375 0.125 0.1357421875
3 0.490234375 0.1328125 0.138671875 0.146484375
3 0.19140625 0.9833984375 0.111328125 0.033203125
3 0.021484375 0.0458984375 0.0419921875 0.091796875
3 0.7763671875 0.033203125 0.1435546875 0.064453125
3 0.9208984375 0.4462890625 0.15625 0.173828125
3 0.98828125 0.7763671875 0.0234375 0.1044921875
3 0.111328125 0.1279296875 0.1220703125 0.1220703125
3 0.267578125 0.23046875 0.064453125 0.0673828125
0 0.697265625 0.2978515625 0.28125 0.28125
3 0.435546875 0.083984375 0.111328125 0.119140625
3 0.642578125 0.576171875 0.0546875 0.0517578125
3 0.357421875 0.990234375 0.0908203125 0.0185546875
3 0.6328125 0.595703125 0.076171875 0.0908203125
3 0.9755859375 0.15625 0.046875 0.138671875
3 0.009765625 0.33984375 0.0185546875 0.138671875
2 0.466796875 0.115234375 0.2080078125 0.2060546875
3 0.658203125 0.248046875 0.1904296875 0.1796875
3 0.818359375 0.9658203125 0.0888671875 0.0673828125
3 0.404296875 0.3720703125 0.076171875 0.064453125