2 0.36328125 0.7255859375 0.158203125 0.1533203125
1 0.556640625 0.4287109375 0.1142578125 0.111328125
3 0.873046875 0.4951171875 0.099609375 0.095703125
3 0.4150390625 0.123046875 0.0908203125 0.087890625
3 0.8310546875 0.3935546875 0.09375 0.0810546875
3 0.291015625 0.232421875 0.091796875 0.095703125
3 0.94140625 0.7001953125 0.1044921875 0.095703125
3 0.6552734375 0.134765625 0.109375 0.109375
1 0.4541015625 0.244140625 0.1123046875 0.107421875
3 0.7548828125 0.046875 0.1064453125 0.09375
1 0.501953125 0.033203125 0.1142578125 0.0654296875
3 0.9453125 0.357421875 0.107421875 0.099609375
3 0.07421875 0.060546875 0.0810546875 0.0986328125
3 0.615234375 0.0341796875 0.1123046875 0.068359375
3 0.9814453125 0.4794921875 0.037109375 0.1064453125
1 0.380859375 0.2998046875 0.099609375 0.0986328125
3 0.9287109375 0.595703125 0.0810546875 0.072265625
2 0.5625 0.9111328125 0.1279296875 0.138671875
3 0.8779296875 0.2490234375 0.1044921875 0.0888671875
1 0.140625 0.1171875 0.1171875 0.1142578125
3 0.71484375 0.087890625 0.1357421875 0.125
3 0.9404296875 0.8759765625 0.115234375 0.1044921875
3 0.701171875 0.1982421875 0.0625 0.0595703125
3 0.6357421875 0.931640625 0.068359375 0.0859375
3 0.876953125 0.951171875 0.0888671875 0.095703125
3 0.216796875 0.177734375 0.111328125 0.111328125
3 0.3291015625 0.1455078125 0.09375 0.095703125
1 0.8037109375 0.029296875 0.1064453125 0.0576171875
3 0.556640625 0.0615234375 0.1044921875 0.103515625
3 0.482421875 0.3779296875 0.099609375 0.099609375
3 0.923828125 0.294921875 0.103515625 0.0908203125
3 0.9677734375 0.4111328125 0.064453125 0.0888671875
3 0.7890625 0.330078125 0.1298828125 0.126953125
3 0.9814453125 0.654296875 0.037109375 0.078125
1 0.75390625 0.044921875 0.10546875 0.08984375
1 0.7880859375 0.3310546875 0.134765625 0.1298828125
3 0.81640625 0.697265625 0.048828125 0.041015625
3 0.208984375 0.044921875 0.08984375 0.08984375
3 0.8095703125 0.7548828125 0.0986328125 0.0703125
1 0.7412109375 0.5322265625 0.0595703125 0.0576171875
3 0.2861328125 0.6591796875 0.1044921875 0.1064453125
2 0.1953125 0.5771484375 0.212890625 0.216796875
1 0.7080078125 0.794921875 0.126953125 0.142578125
3 0.970703125 0.259765625 0.056640625 0.1015625
1 0.5380859375 0.193359375 0.130859375 0.119140625
3 0.9873046875 0.578125 0.025390625 0.0810546875
1 0.380859375 0.19140625 0.09375 0.087890625
3 0.970703125 0.798828125 0.056640625 0.091796875
1 0.6142578125 0.802734375 0.1220703125 0.1357421875
3 0.5380859375 0.1943359375 0.1298828125 0.1171875
3 0.8984375 0.7705078125 0.134765625 0.1142578125
3 0.3349609375 0.794921875 0.078125 0.0703125
1 0.208984375 0.044921875 0.0888671875 0.087890625
3 0.6611328125 0.2412109375 0.0830078125 0.080078125
2 0.9638671875 0.052734375 0.072265625 0.1044921875
3 0.7236328125 0.939453125 0.1171875 0.119140625
0 0.8896484375 0.2099609375 0.21875 0.259765625
1 0.626953125 0.3466796875 0.1298828125 0.1376953125
2 0.466796875 0.9833984375 0.0986328125 0.033203125
3 0.794921875 0.9697265625 0.078125 0.060546875
3 0.5625 0.912109375 0.126953125 0.138671875
3 0.634765625 0.986328125 0.0498046875 0.0263671875
1 0.3291015625 0.1474609375 0.091796875 0.091796875
3 0.5478515625 0.3076171875 0.0908203125 0.09375
3 0.6455078125 0.2333984375 0.1484375 0.123046875
2 0.2138671875 0.9404296875 0.2216796875 0.119140625
1 0.427734375 0.33984375 0.072265625 0.0751953125
3 0.466796875 0.9814453125 0.109375 0.037109375
3 0.748046875 0.115234375 0.0654296875 0.0673828125
3 0.427734375 0.33984375 0.0751953125 0.076171875
2 0.9658203125 0.017578125 0.068359375 0.0341796875
1 0.353515625 0.162109375 0.154296875 0.1484375
3 0.1416015625 0.1162109375 0.115234375 0.1123046875
0 0.8369140625 0.8251953125 0.326171875 0.349609375
0 0.1630859375 0.857421875 0.326171875 0.279296875
3 0.212890625 0.939453125 0.21875 0.1201171875
2 0.1611328125 0.861328125 0.322265625 0.2763671875