3 0.5947265625 0.634765625 0.1455078125 0.1484375
3 0.5322265625 0.5849609375 0.146484375 0.146484375
3 0.47265625 0.5322265625 0.1357421875 0.1484375
3 0.3935546875 0.7998046875 0.119140625 0.1328125
3 0.572265625 0.9404296875 0.126953125 0.1171875
3 0.65234375 0.685546875 0.146484375 0.146484375
3 0.513671875 0.892578125 0.1142578125 0.126953125
3 0.416015625 0.48828125 0.1376953125 0.1533203125
3 0.3525390625 0.443359375 0.134765625 0.1357421875
3 0.271484375 0.70703125 0.1220703125 0.123046875
3 0.708984375 0.7412109375 0.140625 0.140625
3 0.177734375 0.291015625 0.1484375 0.150390625
3 0.2939453125 0.9248046875 0.134765625 0.140625
3 0.0546875 0.7216796875 0.107421875 0.1533203125
3 0.4541015625 0.845703125 0.1171875 0.1279296875
3 0.1123046875 0.7705078125 0.1357421875 0.146484375
3 0.9150390625 0.90625 0.125 0.138671875
3 0.3671875 0.9462890625 0.123046875 0.1064453125
3 0.232421875 0.3427734375 0.1376953125 0.140625
3 0.8408203125 0.259765625 0.1298828125 0.126953125
3 0.841796875 0.84765625 0.1357421875 0.158203125
3 0.2080078125 0.6484375 0.1357421875 0.1435546875
3 0.17578125 0.822265625 0.1298828125 0.1357421875
3 0.9296875 0.390625 0.107421875 0.107421875
3 0.3359375 0.75 0.1123046875 0.125
3 0.4296875 0.96875 0.1298828125 0.0625
3 0.232421875 0.876953125 0.1279296875 0.126953125
3 0.1474609375 0.587890625 0.1298828125 0.134765625
3 0.107421875 0.2373046875 0.1455078125 0.1669921875
3 0.2890625 0.3984375 0.1328125 0.1376953125
3 0.650390625 0.9736328125 0.15625 0.052734375
3 0.71484375 0.166015625 0.103515625 0.103515625
1 0.7880859375 0.1220703125 0.0703125 0.080078125
3 0.982421875 0.943359375 0.033203125 0.109375
3 0.9599609375 0.46875 0.080078125 0.1376953125
2 0.0205078125 0.658203125 0.041015625 0.1357421875
3 0.97265625 0.5908203125 0.052734375 0.138671875
1 0.2939453125 0.39453125 0.126953125 0.1328125
1 0.7939453125 0.48828125 0.078125 0.068359375
3 0.021484375 0.66015625 0.04296875 0.18359375
3 0.2763671875 0.783203125 0.052734375 0.0546875
3 0.076171875 0.5693359375 0.111328125 0.123046875