3 0.5009765625 0.7265625 0.1357421875 0.111328125
3 0.177734375 0.7275390625 0.0830078125 0.146484375
3 0.9423828125 0.4677734375 0.095703125 0.083984375
3 0.287109375 0.80859375 0.123046875 0.130859375
3 0.056640625 0.353515625 0.1123046875 0.1298828125
3 0.1767578125 0.5830078125 0.091796875 0.103515625
1 0.04296875 0.7236328125 0.0859375 0.115234375
3 0.3701171875 0.6943359375 0.080078125 0.1044921875
3 0.9501953125 0.369140625 0.099609375 0.1123046875
3 0.0498046875 0.197265625 0.099609375 0.09375
3 0.048828125 0.90234375 0.0703125 0.1044921875
3 0.486328125 0.841796875 0.095703125 0.0908203125
3 0.40234375 0.5625 0.1845703125 0.1640625
1 0.07421875 0.046875 0.123046875 0.09375
2 0.4013671875 0.556640625 0.189453125 0.1611328125
3 0.451171875 0.955078125 0.1767578125 0.0888671875
1 0.1630859375 0.55859375 0.1220703125 0.1513671875
1 0.451171875 0.955078125 0.171875 0.087890625
3 0.30078125 0.7890625 0.080078125 0.078125
1 0.240234375 0.072265625 0.0888671875 0.0908203125
1 0.009765625 0.51953125 0.01953125 0.0625
1 0.07421875 0.017578125 0.1015625 0.03515625