3 0.623046875 0.275390625 0.1484375 0.142578125
3 0.375 0.525390625 0.1376953125 0.140625
3 0.1123046875 0.255859375 0.1357421875 0.1328125
3 0.388671875 0.1650390625 0.1220703125 0.1123046875
3 0.220703125 0.12109375 0.1142578125 0.115234375
3 0.451171875 0.099609375 0.123046875 0.126953125
3 0.591796875 0.482421875 0.1455078125 0.138671875
3 0.1611328125 0.181640625 0.111328125 0.1123046875
3 0.275390625 0.2900390625 0.1142578125 0.115234375
3 0.5498046875 0.3310546875 0.111328125 0.111328125
3 0.7421875 0.1494140625 0.140625 0.1435546875
3 0.423828125 0.4580078125 0.126953125 0.125
3 0.150390625 0.3994140625 0.138671875 0.1455078125
3 0.4921875 0.384765625 0.095703125 0.09375
3 0.044921875 0.541015625 0.0888671875 0.1171875
3 0.193359375 0.705078125 0.130859375 0.1298828125
3 0.833984375 0.830078125 0.1298828125 0.123046875
3 0.2177734375 0.34375 0.1044921875 0.099609375
3 0.9091796875 0.5419921875 0.1123046875 0.1171875
3 0.3251953125 0.228515625 0.109375 0.115234375
3 0.513671875 0.052734375 0.1328125 0.103515625
3 0.0791015625 0.462890625 0.138671875 0.140625
3 0.8466796875 0.603515625 0.123046875 0.126953125
3 0.8515625 0.0380859375 0.1123046875 0.076171875
3 0.9599609375 0.7041015625 0.080078125 0.0966796875
3 0.3583984375 0.037109375 0.154296875 0.0732421875
3 0.4736328125 0.6123046875 0.1376953125 0.140625
1 0.2998046875 0.078125 0.1376953125 0.134765625
3 0.044921875 0.3076171875 0.08984375 0.111328125
3 0.287109375 0.791015625 0.150390625 0.1533203125
3 0.9580078125 0.4814453125 0.083984375 0.107421875
3 0.7705078125 0.892578125 0.1357421875 0.1298828125
3 0.669921875 0.2080078125 0.1142578125 0.111328125
3 0.796875 0.080078125 0.1328125 0.1435546875
3 0.908203125 0.759765625 0.091796875 0.087890625
3 0.060546875 0.849609375 0.119140625 0.134765625
3 0.6669921875 0.431640625 0.1044921875 0.099609375
3 0.423828125 0.677734375 0.1015625 0.1044921875
3 0.314453125 0.568359375 0.0908203125 0.087890625
3 0.978515625 0.6533203125 0.0419921875 0.0966796875
2 0.47265625 0.611328125 0.138671875 0.138671875
3 0.0166015625 0.359375 0.033203125 0.115234375
3 0.578125 0.0185546875 0.138671875 0.037109375
3 0.966796875 0.970703125 0.0654296875 0.0576171875
1 0.359375 0.732421875 0.130859375 0.130859375
2 0.7255859375 0.3671875 0.1298828125 0.134765625
3 0.951171875 0.1005859375 0.0966796875 0.111328125
3 0.1171875 0.763671875 0.095703125 0.0888671875
3 0.55078125 0.560546875 0.140625 0.1279296875
3 0.7998046875 0.669921875 0.125 0.111328125
2 0.162109375 0.9248046875 0.150390625 0.150390625
2 0.6767578125 0.783203125 0.1513671875 0.1533203125
3 0.0302734375 0.04296875 0.060546875 0.083984375
3 0.2548828125 0.6357421875 0.1015625 0.0888671875
3 0.060546875 0.0107421875 0.12109375 0.021484375
2 0.1943359375 0.896484375 0.2265625 0.2060546875
3 0.7197265625 0.9521484375 0.1123046875 0.09375
3 0.9853515625 0.4130859375 0.029296875 0.123046875
3 0.94140625 0.734375 0.076171875 0.0751953125
2 0.287109375 0.791015625 0.1533203125 0.1533203125
3 0.6767578125 0.7822265625 0.1484375 0.1484375
2 0.0283203125 0.904296875 0.056640625 0.1298828125
2 0.2294921875 0.8681640625 0.150390625 0.146484375
3 0.986328125 0.044921875 0.0263671875 0.0888671875
3 0.029296875 0.904296875 0.0576171875 0.1328125
3 0.755859375 0.724609375 0.1298828125 0.125
3 0.0556640625 0.595703125 0.046875 0.048828125
3 0.046875 0.0263671875 0.09375 0.052734375
3 0.9794921875 0.056640625 0.0390625 0.1123046875
2 0.642578125 0.9716796875 0.1513671875 0.0546875
3 0.005859375 0.6181640625 0.01171875 0.123046875
2 0.9853515625 0.4189453125 0.029296875 0.134765625
3 0.896484375 0.1708984375 0.146484375 0.150390625
3 0.0537109375 0.439453125 0.087890625 0.087890625
3 0.2275390625 0.865234375 0.142578125 0.138671875
2 0.5908203125 0.8466796875 0.3466796875 0.3017578125
3 0.095703125 0.96484375 0.1376953125 0.0703125
3 0.802734375 0.212890625 0.091796875 0.09375
3 0.0712890625 0.423828125 0.0517578125 0.0546875
3 0.009765625 0.248046875 0.0185546875 0.126953125
3 0.01171875 0.615234375 0.0234375 0.1015625
3 0.0078125 0.0693359375 0.015625 0.138671875
3 0.041015625 0.4541015625 0.0576171875 0.0546875