2 0.2490234375 0.634765625 0.1298828125 0.126953125
2 0.095703125 0.236328125 0.15625 0.1767578125
2 0.1591796875 0.400390625 0.1826171875 0.1328125
1 0.8232421875 0.96484375 0.1298828125 0.0703125
1 0.109375 0.9736328125 0.1279296875 0.052734375
1 0.79296875 0.7421875 0.109375 0.1123046875
3 0.8701171875 0.8232421875 0.1376953125 0.1220703125
0 0.095703125 0.5712890625 0.19140625 0.173828125
0 0.66015625 0.24609375 0.205078125 0.228515625
2 0.0966796875 0.5732421875 0.193359375 0.171875
3 0.837890625 0.892578125 0.0810546875 0.072265625
3 0.71875 0.96875 0.099609375 0.0625
1 0.4775390625 0.962890625 0.0888671875 0.0732421875
2 0.076171875 0.7275390625 0.1455078125 0.1435546875
0 0.46484375 0.28125 0.123046875 0.130859375
1 0.4658203125 0.2841796875 0.123046875 0.130859375
3 0.3037109375 0.958984375 0.099609375 0.0810546875
3 0.3564453125 0.017578125 0.107421875 0.03515625
1 0.470703125 0.7099609375 0.091796875 0.140625
0 0.078125 0.7265625 0.1435546875 0.1435546875
1 0.0556640625 0.8623046875 0.111328125 0.109375
1 0.078125 0.728515625 0.142578125 0.140625
0 0.0576171875 0.861328125 0.115234375 0.1171875
2 0.302734375 0.9580078125 0.099609375 0.0830078125
3 0.4423828125 0.013671875 0.083984375 0.02734375
3 0.876953125 0.7412109375 0.064453125 0.064453125
2 0.0556640625 0.861328125 0.111328125 0.115234375
2 0.515625 0.5283203125 0.1669921875 0.2421875