3 0.078125 0.673828125 0.1279296875 0.142578125
3 0.21484375 0.4482421875 0.146484375 0.173828125
3 0.841796875 0.6796875 0.1484375 0.1455078125
3 0.8232421875 0.451171875 0.15625 0.1669921875
3 0.912109375 0.9384765625 0.1591796875 0.1220703125
3 0.6865234375 0.2109375 0.1044921875 0.140625
3 0.2041015625 0.044921875 0.111328125 0.08984375
3 0.814453125 0.15625 0.1376953125 0.142578125
3 0.708984375 0.4658203125 0.0966796875 0.1455078125
3 0.6083984375 0.17578125 0.1142578125 0.1328125
3 0.294921875 0.513671875 0.1220703125 0.1328125
3 0.9619140625 0.3154296875 0.076171875 0.111328125
3 0.8837890625 0.103515625 0.1044921875 0.1015625
3 0.513671875 0.419921875 0.134765625 0.1923828125
3 0.4482421875 0.359375 0.107421875 0.1201171875
3 0.7626953125 0.03125 0.107421875 0.0625
3 0.056640625 0.376953125 0.1123046875 0.173828125
3 0.7421875 0.783203125 0.154296875 0.146484375
3 0.599609375 0.443359375 0.115234375 0.1513671875
3 0.369140625 0.544921875 0.126953125 0.166015625
3 0.291015625 0.9375 0.1376953125 0.125
3 0.3896484375 0.8330078125 0.107421875 0.111328125
3 0.4443359375 0.1142578125 0.1171875 0.142578125
3 0.5244140625 0.9423828125 0.115234375 0.1142578125
3 0.103515625 0.232421875 0.103515625 0.1142578125
3 0.1484375 0.712890625 0.107421875 0.1279296875
1 0.037109375 0.1943359375 0.0732421875 0.158203125
3 0.4541015625 0.876953125 0.083984375 0.0908203125
3 0.3525390625 0.09765625 0.1171875 0.119140625
1 0.525390625 0.1513671875 0.1142578125 0.1201171875
3 0.2822265625 0.3115234375 0.1123046875 0.1201171875
3 0.583984375 0.03515625 0.09375 0.0703125
3 0.9404296875 0.048828125 0.111328125 0.095703125
3 0.6640625 0.7431640625 0.138671875 0.1455078125
3 0.232421875 0.7548828125 0.1142578125 0.1357421875
3 0.03125 0.6240234375 0.0625 0.1455078125
3 0.9541015625 0.8857421875 0.0908203125 0.1376953125
3 0.130859375 0.4423828125 0.1044921875 0.1123046875
3 0.513671875 0.6455078125 0.123046875 0.1357421875
3 0.12109375 0.0341796875 0.1142578125 0.068359375
3 0.5947265625 0.681640625 0.1484375 0.1611328125
3 0.205078125 0.2646484375 0.107421875 0.1201171875
3 0.1240234375 0.841796875 0.1435546875 0.1435546875
3 0.2744140625 0.0673828125 0.095703125 0.099609375
3 0.787109375 0.5908203125 0.0595703125 0.0595703125
1 0.3603515625 0.3447265625 0.119140625 0.1455078125
3 0.041015625 0.7822265625 0.0810546875 0.146484375
3 0.92578125 0.3779296875 0.107421875 0.107421875
2 0.1240234375 0.841796875 0.1455078125 0.1455078125
3 0.6767578125 0.037109375 0.091796875 0.07421875
3 0.435546875 0.611328125 0.107421875 0.111328125
3 0.3984375 0.017578125 0.11328125 0.03515625
3 0.2216796875 0.8994140625 0.107421875 0.125
3 0.9189453125 0.623046875 0.1064453125 0.099609375
3 0.048828125 0.0205078125 0.0966796875 0.0390625
3 0.583984375 0.9580078125 0.12890625 0.083984375
3 0.416015625 0.9208984375 0.078125 0.0654296875
3 0.361328125 0.34375 0.119140625 0.142578125
3 0.318359375 0.7783203125 0.125 0.1435546875
3 0.482421875 0.029296875 0.09765625 0.05859375
3 0.9775390625 0.017578125 0.041015625 0.03515625
3 0.8359375 0.009765625 0.09375 0.017578125
3 0.9814453125 0.8173828125 0.037109375 0.123046875
3 0.9931640625 0.2587890625 0.013671875 0.119140625
3 0.9619140625 0.5546875 0.076171875 0.10546875
3 0.9853515625 0.458984375 0.029296875 0.123046875
3 0.861328125 0.255859375 0.048828125 0.046875
1 0.4453125 0.11328125 0.115234375 0.140625
1 0.4775390625 0.5556640625 0.072265625 0.0751953125
1 0.318359375 0.7802734375 0.125 0.140625
3 0.37890625 0.9765625 0.1142578125 0.046875
3 0.8701171875 0.478515625 0.056640625 0.056640625
2 0.2236328125 0.8994140625 0.1123046875 0.125
3 0.4462890625 0.9892578125 0.125 0.021484375
3 0.9169921875 0.5751953125 0.158203125 0.208984375
1 0.01171875 0.33203125 0.0234375 0.126953125
3 0.98828125 0.49609375 0.021484375 0.1376953125