1 0.685546875 0.951171875 0.103515625 0.095703125
1 0.8349609375 0.162109375 0.0625 0.076171875
3 0.794921875 0.5458984375 0.087890625 0.0654296875
3 0.88671875 0.4404296875 0.0576171875 0.0888671875
3 0.5146484375 0.708984375 0.0830078125 0.095703125
1 0.26171875 0.966796875 0.0986328125 0.0654296875
1 0.76953125 0.1220703125 0.0830078125 0.0810546875
3 0.96875 0.76953125 0.0625 0.0576171875
1 0.7255859375 0.2060546875 0.1064453125 0.1171875
1 0.7783203125 0.740234375 0.173828125 0.1591796875
3 0.7265625 0.2060546875 0.1064453125 0.115234375
3 0.9814453125 0.166015625 0.037109375 0.1123046875
1 0.87890625 0.26171875 0.076171875 0.072265625
3 0.8779296875 0.26171875 0.0751953125 0.0703125
3 0.796875 0.048828125 0.0595703125 0.072265625
3 0.775390625 0.744140625 0.169921875 0.162109375
1 0.93359375 0.8642578125 0.0888671875 0.0908203125
1 0.7890625 0.1416015625 0.125 0.123046875