3 0.4248046875 0.666015625 0.1455078125 0.158203125
3 0.634765625 0.650390625 0.103515625 0.1298828125
3 0.845703125 0.310546875 0.103515625 0.1455078125
3 0.3837890625 0.568359375 0.103515625 0.111328125
3 0.73828125 0.607421875 0.107421875 0.1298828125
3 0.552734375 0.6689453125 0.060546875 0.103515625
3 0.76953125 0.3349609375 0.095703125 0.111328125
3 0.587890625 0.32421875 0.083984375 0.111328125
1 0.5048828125 0.3125 0.1015625 0.1689453125
3 0.6875 0.34375 0.087890625 0.111328125
3 0.677734375 0.3076171875 0.1064453125 0.185546875
1 0.921875 0.556640625 0.0830078125 0.087890625
1 0.9619140625 0.501953125 0.076171875 0.060546875
1 0.23828125 0.32421875 0.0673828125 0.0703125
3 0.4052734375 0.3603515625 0.140625 0.1513671875
3 0.5029296875 0.314453125 0.1015625 0.166015625
3 0.94140625 0.3447265625 0.0966796875 0.162109375
3 0.5390625 0.716796875 0.1142578125 0.2080078125
3 0.357421875 0.470703125 0.1044921875 0.0732421875
3 0.6650390625 0.2578125 0.0732421875 0.080078125
3 0.8291015625 0.5751953125 0.1044921875 0.109375
1 0.404296875 0.361328125 0.142578125 0.1533203125
1 0.65625 0.1787109375 0.1015625 0.0859375
1 0.935546875 0.537109375 0.1279296875 0.130859375
1 0.419921875 0.3251953125 0.0732421875 0.0732421875
1 0.7490234375 0.708984375 0.1015625 0.0546875
1 0.93359375 0.1845703125 0.1328125 0.154296875