1 0.873046875 0.513671875 0.107421875 0.095703125
1 0.18359375 0.953125 0.1220703125 0.091796875
3 0.369140625 0.044921875 0.1171875 0.0888671875
1 0.21875 0.677734375 0.083984375 0.083984375
3 0.111328125 0.666015625 0.125 0.1376953125
3 0.814453125 0.9453125 0.1279296875 0.107421875
3 0.806640625 0.333984375 0.1689453125 0.15625
3 0.498046875 0.6484375 0.126953125 0.123046875
3 0.037109375 0.7265625 0.07421875 0.16796875
1 0.6748046875 0.15234375 0.126953125 0.1328125
3 0.787109375 0.728515625 0.1044921875 0.0732421875
3 0.10546875 0.46875 0.1142578125 0.130859375
3 0.533203125 0.798828125 0.0576171875 0.0751953125
3 0.6748046875 0.8603515625 0.0908203125 0.119140625
3 0.974609375 0.3701171875 0.0498046875 0.103515625
3 0.40234375 0.2841796875 0.083984375 0.083984375
1 0.8876953125 0.7822265625 0.1015625 0.091796875
3 0.5810546875 0.185546875 0.0517578125 0.0673828125
3 0.02734375 0.494140625 0.0546875 0.1123046875
3 0.39453125 0.572265625 0.1455078125 0.1171875
3 0.509765625 0.224609375 0.1201171875 0.123046875
3 0.197265625 0.3818359375 0.1689453125 0.2373046875
0 0.208984375 0.3740234375 0.1982421875 0.255859375
3 0.9658203125 0.2705078125 0.064453125 0.125
3 0.4755859375 0.4599609375 0.1279296875 0.134765625
1 0.029296875 0.208984375 0.05859375 0.109375
3 0.6728515625 0.154296875 0.1201171875 0.1328125
3 0.2158203125 0.4384765625 0.1201171875 0.1201171875
3 0.888671875 0.7802734375 0.099609375 0.09375
3 0.0341796875 0.013671875 0.068359375 0.0263671875
3 0.9375 0.3310546875 0.048828125 0.0546875
1 0.5009765625 0.8935546875 0.1201171875 0.119140625
1 0.8134765625 0.943359375 0.1298828125 0.109375
3 0.494140625 0.89453125 0.1044921875 0.119140625
1 0.2236328125 0.0107421875 0.095703125 0.021484375
1 0.029296875 0.8740234375 0.056640625 0.052734375
1 0.087890625 0.9794921875 0.140625 0.041015625