3 0.8134765625 0.361328125 0.1279296875 0.123046875
3 0.6806640625 0.1083984375 0.125 0.1279296875
3 0.7548828125 0.5517578125 0.1484375 0.134765625
3 0.919921875 0.1787109375 0.1533203125 0.1455078125
3 0.474609375 0.6083984375 0.119140625 0.123046875
3 0.333984375 0.552734375 0.119140625 0.126953125
3 0.6982421875 0.63671875 0.123046875 0.1201171875
3 0.5625 0.3974609375 0.125 0.125
3 0.8525390625 0.267578125 0.125 0.119140625
3 0.3330078125 0.9580078125 0.1298828125 0.0830078125
3 0.677734375 0.734375 0.140625 0.125
3 0.634765625 0.8447265625 0.130859375 0.1328125
3 0.0634765625 0.0693359375 0.126953125 0.138671875
3 0.4716796875 0.220703125 0.1328125 0.1328125
3 0.3876953125 0.4375 0.1357421875 0.1455078125
3 0.3720703125 0.8818359375 0.123046875 0.1201171875
3 0.806640625 0.7802734375 0.15625 0.1484375
3 0.2314453125 0.830078125 0.1298828125 0.140625
3 0.880859375 0.5986328125 0.115234375 0.1201171875
3 0.404296875 0.79296875 0.109375 0.1171875
3 0.291015625 0.0458984375 0.130859375 0.091796875
3 0.8583984375 0.693359375 0.134765625 0.126953125
3 0.5087890625 0.11328125 0.1171875 0.109375
3 0.310546875 0.650390625 0.1435546875 0.1376953125
3 0.6328125 0.203125 0.1201171875 0.1298828125
3 0.158203125 0.9306640625 0.15234375 0.138671875
3 0.9248046875 0.5087890625 0.150390625 0.1455078125
3 0.5556640625 0.048828125 0.1435546875 0.0966796875
3 0.05859375 0.970703125 0.1171875 0.0576171875
3 0.25390625 0.109375 0.130859375 0.1142578125
3 0.443359375 0.7041015625 0.111328125 0.115234375
3 0.212890625 0.1884765625 0.1513671875 0.138671875
3 0.9775390625 0.0830078125 0.044921875 0.123046875
3 0.7529296875 0.044921875 0.158203125 0.08984375
3 0.5263671875 0.490234375 0.0888671875 0.0703125
3 0.2666015625 0.728515625 0.109375 0.1015625
3 0.4375 0.3154296875 0.146484375 0.1376953125
3 0.970703125 0.2998046875 0.0576171875 0.158203125
3 0.0224609375 0.12109375 0.044921875 0.126953125
3 0.75390625 0.9111328125 0.18359375 0.177734375
3 0.5849609375 0.291015625 0.1376953125 0.1220703125
3 0.1201171875 0.15234375 0.095703125 0.0966796875
3 0.5859375 0.9365234375 0.142578125 0.125
3 0.109375 0.033203125 0.15625 0.06640625
3 0.19140625 0.2275390625 0.2060546875 0.21875
1 0.771484375 0.4482421875 0.138671875 0.126953125
3 0.271484375 0.8828125 0.0361328125 0.0419921875
3 0.9638671875 0.3994140625 0.0703125 0.0908203125
3 0.73828125 0.9609375 0.1220703125 0.078125
3 0.935546875 0.3974609375 0.1279296875 0.125
1 0.5859375 0.291015625 0.1376953125 0.126953125
3 0.455078125 0.26953125 0.1982421875 0.2373046875
3 0.9873046875 0.9267578125 0.021484375 0.146484375
3 0.6337890625 0.009765625 0.1201171875 0.017578125