1 0.90625 0.939453125 0.091796875 0.1015625
3 0.1181640625 0.8955078125 0.1142578125 0.123046875
3 0.4521484375 0.9384765625 0.109375 0.123046875
3 0.7275390625 0.208984375 0.111328125 0.1357421875
3 0.9345703125 0.642578125 0.123046875 0.1376953125
3 0.455078125 0.177734375 0.1357421875 0.140625
1 0.2861328125 0.8642578125 0.1015625 0.1201171875
3 0.8564453125 0.7685546875 0.1279296875 0.1171875
3 0.892578125 0.298828125 0.1044921875 0.0830078125
1 0.546875 0.37890625 0.125 0.1142578125
3 0.607421875 0.49609375 0.171875 0.1328125
1 0.40234375 0.5625 0.076171875 0.0830078125
1 0.216796875 0.5244140625 0.0830078125 0.0986328125
3 0.8896484375 0.1123046875 0.119140625 0.109375
1 0.337890625 0.0810546875 0.123046875 0.162109375
3 0.0400390625 0.279296875 0.080078125 0.1171875
1 0.09765625 0.7109375 0.107421875 0.171875
3 0.869140625 0.041015625 0.16015625 0.08203125
1 0.677734375 0.3896484375 0.1455078125 0.1298828125
3 0.5556640625 0.037109375 0.091796875 0.07421875
3 0.716796875 0.822265625 0.1123046875 0.1171875
1 0.0966796875 0.67578125 0.0908203125 0.0966796875
3 0.21484375 0.1474609375 0.1669921875 0.2080078125
3 0.9716796875 0.96484375 0.0546875 0.068359375
1 0.5087890625 0.693359375 0.083984375 0.1015625
3 0.6044921875 0.626953125 0.1435546875 0.1298828125
3 0.978515625 0.509765625 0.041015625 0.1142578125
1 0.033203125 0.140625 0.06640625 0.12109375
3 0.458984375 0.0625 0.0966796875 0.0888671875
3 0.6064453125 0.158203125 0.0546875 0.048828125
3 0.6943359375 0.9794921875 0.087890625 0.041015625
1 0.095703125 0.5244140625 0.0751953125 0.0908203125
1 0.4580078125 0.701171875 0.2001953125 0.171875
1 0.185546875 0.494140625 0.1484375 0.1640625
1 0.3291015625 0.1044921875 0.0888671875 0.111328125
1 0.0966796875 0.759765625 0.080078125 0.072265625
3 0.5458984375 0.37890625 0.1201171875 0.115234375
1 0.4599609375 0.3564453125 0.1064453125 0.134765625
3 0.09375 0.5244140625 0.078125 0.0908203125
1 0.384765625 0.8388671875 0.046875 0.0595703125
1 0.314453125 0.669921875 0.0546875 0.0673828125
3 0.271484375 0.1982421875 0.0439453125 0.048828125
1 0.8662109375 0.041015625 0.166015625 0.08203125
1 0.4580078125 0.0615234375 0.099609375 0.087890625
3 0.775390625 0.7587890625 0.0546875 0.0419921875
3 0.150390625 0.4609375 0.0673828125 0.0888671875
1 0.212890625 0.146484375 0.166015625 0.2060546875
3 0.755859375 0.298828125 0.044921875 0.0546875
1 0.1845703125 0.0244140625 0.103515625 0.048828125
3 0.421875 0.724609375 0.1171875 0.111328125
3 0.1083984375 0.982421875 0.0751953125 0.0341796875
3 0.0322265625 0.1435546875 0.0625 0.1201171875