3 0.9287109375 0.947265625 0.140625 0.1044921875
3 0.669921875 0.7041015625 0.1376953125 0.1328125
3 0.8603515625 0.8330078125 0.140625 0.1298828125
3 0.73046875 0.6103515625 0.150390625 0.1298828125
3 0.7978515625 0.404296875 0.1201171875 0.1455078125
3 0.6044921875 0.380859375 0.1015625 0.1064453125
3 0.7412109375 0.96875 0.130859375 0.0625
3 0.8564453125 0.2666015625 0.1142578125 0.1279296875
3 0.8095703125 0.919921875 0.150390625 0.1357421875
3 0.701171875 0.384765625 0.119140625 0.126953125
3 0.478515625 0.408203125 0.146484375 0.1533203125
3 0.8994140625 0.44140625 0.087890625 0.091796875
3 0.38671875 0.85546875 0.109375 0.111328125
3 0.33203125 0.9306640625 0.119140625 0.1279296875
2 0.103515625 0.892578125 0.130859375 0.1298828125
3 0.5869140625 0.607421875 0.1875 0.169921875
3 0.9658203125 0.890625 0.068359375 0.125
3 0.5078125 0.947265625 0.126953125 0.1044921875
3 0.2841796875 0.978515625 0.1064453125 0.0419921875
3 0.583984375 0.8212890625 0.208984375 0.228515625
3 0.9033203125 0.7568359375 0.1201171875 0.123046875
2 0.3876953125 0.478515625 0.1279296875 0.1298828125
3 0.6240234375 0.228515625 0.138671875 0.1455078125
3 0.984375 0.416015625 0.03125 0.130859375
3 0.611328125 0.7802734375 0.1484375 0.1435546875
3 0.482421875 0.7431640625 0.203125 0.2314453125
2 0.3935546875 0.205078125 0.208984375 0.283203125
3 0.9580078125 0.2353515625 0.083984375 0.107421875
3 0.267578125 0.638671875 0.1357421875 0.1357421875
1 0.9443359375 0.677734375 0.111328125 0.162109375
3 0.388671875 0.4794921875 0.1298828125 0.1298828125
2 0.076171875 0.017578125 0.1513671875 0.0341796875
2 0.0302734375 0.8232421875 0.060546875 0.1533203125
2 0.6240234375 0.2314453125 0.1357421875 0.146484375
1 0.95703125 0.2353515625 0.0859375 0.111328125
3 0.744140625 0.255859375 0.140625 0.1484375
2 0.2646484375 0.638671875 0.130859375 0.130859375
3 0.212890625 0.7236328125 0.1376953125 0.138671875
3 0.556640625 0.8681640625 0.1533203125 0.134765625
3 0.5166015625 0.2021484375 0.1435546875 0.169921875
3 0.1689453125 0.814453125 0.1298828125 0.1328125
2 0.3486328125 0.517578125 0.2138671875 0.2080078125
3 0.98828125 0.5205078125 0.0234375 0.0859375
3 0.4150390625 0.9775390625 0.091796875 0.044921875
2 0.09375 0.646484375 0.158203125 0.142578125