1 0.0810546875 0.6806640625 0.1279296875 0.138671875
3 0.919921875 0.71484375 0.1376953125 0.130859375
1 0.33984375 0.27734375 0.1533203125 0.130859375
3 0.2099609375 0.3232421875 0.123046875 0.119140625
3 0.2333984375 0.4033203125 0.109375 0.095703125
3 0.3154296875 0.1826171875 0.1435546875 0.123046875
3 0.8056640625 0.9091796875 0.1279296875 0.1171875
3 0.306640625 0.595703125 0.107421875 0.126953125
2 0.7734375 0.146484375 0.125 0.1044921875
3 0.9443359375 0.4248046875 0.109375 0.154296875
3 0.822265625 0.9736328125 0.13671875 0.052734375
3 0.306640625 0.083984375 0.115234375 0.1201171875
3 0.3427734375 0.755859375 0.1435546875 0.1220703125
3 0.392578125 0.9482421875 0.1123046875 0.1015625
3 0.12109375 0.8154296875 0.119140625 0.1142578125
3 0.462890625 0.740234375 0.1357421875 0.1279296875
3 0.169921875 0.23046875 0.103515625 0.111328125
3 0.5478515625 0.978515625 0.1220703125 0.0419921875
2 0.630859375 0.2783203125 0.1279296875 0.150390625
3 0.1728515625 0.6357421875 0.115234375 0.111328125
3 0.2265625 0.771484375 0.09375 0.087890625
3 0.869140625 0.458984375 0.1220703125 0.1533203125
3 0.51953125 0.9267578125 0.150390625 0.125
3 0.7705078125 0.814453125 0.119140625 0.1142578125
3 0.96875 0.5361328125 0.0625 0.103515625
3 0.9580078125 0.923828125 0.083984375 0.0888671875
3 0.42578125 0.5546875 0.1669921875 0.130859375
3 0.90234375 0.837890625 0.1455078125 0.1455078125
3 0.01953125 0.806640625 0.0390625 0.0517578125
3 0.3681640625 0.3779296875 0.140625 0.134765625
1 0.041015625 0.8564453125 0.08203125 0.095703125
3 0.7529296875 0.712890625 0.1513671875 0.1376953125
3 0.966796875 0.630859375 0.0654296875 0.142578125
3 0.1201171875 0.046875 0.130859375 0.09375
3 0.146484375 0.130859375 0.099609375 0.115234375
3 0.041015625 0.443359375 0.08203125 0.17578125
3 0.291015625 0.0234375 0.1220703125 0.046875
2 0.771484375 0.052734375 0.12890625 0.10546875
0 0.650390625 0.10546875 0.384765625 0.2060546875
0 0.736328125 0.587890625 0.2451171875 0.369140625
3 0.025390625 0.6943359375 0.0498046875 0.1484375
1 0.751953125 0.7119140625 0.154296875 0.140625
2 0.939453125 0.048828125 0.0986328125 0.0966796875
3 0.1474609375 0.111328125 0.0810546875 0.0703125
3 0.4443359375 0.646484375 0.1279296875 0.125
3 0.181640625 0.990234375 0.1142578125 0.0185546875
0 0.9423828125 0.0625 0.109375 0.125
3 0.76171875 0.486328125 0.130859375 0.1455078125
3 0.2734375 0.9853515625 0.0703125 0.029296875
3 0.951171875 0.59375 0.0966796875 0.228515625
1 0.2021484375 0.0869140625 0.046875 0.044921875
3 0.0419921875 0.857421875 0.083984375 0.103515625
3 0.431640625 0.6005859375 0.1923828125 0.2265625
3 0.7490234375 0.6005859375 0.2060546875 0.146484375
3 0.630859375 0.279296875 0.1220703125 0.1455078125
0 0.705078125 0.05859375 0.2607421875 0.1171875
3 0.939453125 0.0498046875 0.1015625 0.099609375