3 0.365234375 0.091796875 0.1591796875 0.150390625
3 0.1826171875 0.55078125 0.1376953125 0.1328125
3 0.2705078125 0.3125 0.146484375 0.1484375
3 0.697265625 0.09765625 0.134765625 0.1357421875
3 0.654296875 0.05078125 0.1533203125 0.1015625
3 0.0625 0.4296875 0.125 0.1376953125
3 0.1220703125 0.490234375 0.1357421875 0.134765625
3 0.1826171875 0.841796875 0.138671875 0.1298828125
3 0.451171875 0.50390625 0.15625 0.1533203125
3 0.201171875 0.2548828125 0.1298828125 0.1279296875
3 0.791015625 0.556640625 0.1171875 0.1220703125
3 0.2421875 0.900390625 0.1376953125 0.1376953125
3 0.2978515625 0.9501953125 0.1298828125 0.0986328125
3 0.333984375 0.3818359375 0.125 0.1201171875
3 0.2431640625 0.6142578125 0.09375 0.0859375
3 0.162109375 0.181640625 0.1064453125 0.107421875
3 0.47265625 0.2236328125 0.1689453125 0.169921875
3 0.951171875 0.4345703125 0.0966796875 0.1201171875
3 0.6748046875 0.392578125 0.109375 0.109375
3 0.0380859375 0.365234375 0.076171875 0.1279296875
3 0.3232421875 0.048828125 0.138671875 0.0966796875
3 0.908203125 0.4931640625 0.123046875 0.115234375
3 0.615234375 0.3359375 0.1064453125 0.099609375
3 0.4462890625 0.1376953125 0.1220703125 0.115234375
3 0.0771484375 0.0576171875 0.154296875 0.115234375
3 0.498046875 0.58984375 0.123046875 0.1201171875
3 0.55859375 0.259765625 0.1171875 0.1142578125
3 0.7021484375 0.4873046875 0.125 0.1220703125
3 0.12109375 0.7763671875 0.1171875 0.1142578125
3 0.9541015625 0.158203125 0.091796875 0.1064453125
3 0.0673828125 0.708984375 0.126953125 0.1220703125
3 0.455078125 0.865234375 0.125 0.1279296875
3 0.8994140625 0.21484375 0.103515625 0.099609375
3 0.388671875 0.455078125 0.091796875 0.0908203125
3 0.037109375 0.6376953125 0.0732421875 0.1328125
3 0.560546875 0.6533203125 0.111328125 0.109375
3 0.791015625 0.220703125 0.0859375 0.083984375
1 0.287109375 0.6650390625 0.1171875 0.1142578125
3 0.583984375 0.021484375 0.14453125 0.04296875
3 0.419921875 0.78515625 0.123046875 0.1220703125
3 0.9716796875 0.6064453125 0.056640625 0.125
3 0.5185546875 0.916015625 0.1015625 0.1015625
3 0.568359375 0.9697265625 0.1015625 0.060546875
3 0.740234375 0.1591796875 0.095703125 0.0966796875
3 0.3564453125 0.716796875 0.1142578125 0.1044921875
3 0.9296875 0.02734375 0.087890625 0.0546875
3 0.6220703125 0.712890625 0.0908203125 0.095703125
3 0.498046875 0.3310546875 0.0703125 0.0703125
3 0.345703125 0.9736328125 0.1123046875 0.052734375
3 0.935546875 0.654296875 0.1279296875 0.1376953125
3 0.0947265625 0.1220703125 0.1298828125 0.1279296875
3 0.9775390625 0.3681640625 0.044921875 0.123046875
3 0.0517578125 0.974609375 0.103515625 0.048828125
3 0.310546875 0.7685546875 0.091796875 0.0908203125
3 0.482421875 0.3857421875 0.052734375 0.0517578125
3 0.9169921875 0.123046875 0.056640625 0.0517578125
3 0.4013671875 0.435546875 0.123046875 0.1376953125
3 0.072265625 0.6083984375 0.056640625 0.0517578125
2 0.734375 0.7861328125 0.2548828125 0.244140625
3 0.26171875 0.0107421875 0.140625 0.021484375
3 0.9873046875 0.0712890625 0.025390625 0.125
3 0.1162109375 0.099609375 0.193359375 0.177734375
3 0.009765625 0.3095703125 0.0185546875 0.1435546875
3 0.8974609375 0.052734375 0.1533203125 0.103515625
3 0.8896484375 0.68359375 0.220703125 0.2138671875
3 0.8359375 0.0087890625 0.1201171875 0.017578125
0 0.7333984375 0.7890625 0.25 0.2421875
3 0.9814453125 0.08203125 0.037109375 0.1640625