1 0.5439453125 0.314453125 0.0546875 0.0625
1 0.21875 0.2236328125 0.146484375 0.1298828125
3 0.35546875 0.564453125 0.2001953125 0.1611328125
3 0.2353515625 0.3330078125 0.109375 0.109375
3 0.3271484375 0.283203125 0.0673828125 0.0732421875
3 0.400390625 0.544921875 0.1142578125 0.111328125
2 0.3271484375 0.2841796875 0.0654296875 0.0732421875
1 0.3955078125 0.02734375 0.0888671875 0.0546875
3 0.025390625 0.1943359375 0.0498046875 0.0498046875
1 0.32421875 0.353515625 0.044921875 0.044921875
3 0.3955078125 0.0263671875 0.0888671875 0.052734375
1 0.4404296875 0.2392578125 0.126953125 0.134765625
3 0.3173828125 0.5810546875 0.119140625 0.1064453125
0 0.380859375 0.064453125 0.1357421875 0.1279296875