2 0.9306640625 0.1455078125 0.138671875 0.177734375
2 0.0693359375 0.9384765625 0.138671875 0.1220703125
2 0.56640625 0.201171875 0.0888671875 0.091796875
2 0.716796875 0.263671875 0.099609375 0.103515625
3 0.1982421875 0.337890625 0.140625 0.140625
2 0.7138671875 0.408203125 0.1298828125 0.1298828125
2 0.9775390625 0.52734375 0.044921875 0.14453125
3 0.25 0.087890625 0.2265625 0.17578125
3 0.0732421875 0.6630859375 0.109375 0.109375
2 0.4541015625 0.4580078125 0.099609375 0.1044921875
2 0.958984375 0.8271484375 0.0810546875 0.15625
3 0.298828125 0.4208984375 0.115234375 0.115234375
2 0.349609375 0.7666015625 0.146484375 0.1357421875
2 0.818359375 0.240234375 0.1533203125 0.1591796875
1 0.0224609375 0.166015625 0.044921875 0.107421875
3 0.05078125 0.521484375 0.1015625 0.1435546875
1 0.072265625 0.6630859375 0.1142578125 0.109375
2 0.4248046875 0.5869140625 0.21875 0.197265625
2 0.427734375 0.162109375 0.263671875 0.2607421875
2 0.5283203125 0.955078125 0.1533203125 0.087890625
0 0.7646484375 0.783203125 0.46875 0.4326171875
3 0.1865234375 0.244140625 0.080078125 0.076171875
3 0.029296875 0.814453125 0.0576171875 0.087890625
1 0.05078125 0.5234375 0.099609375 0.1455078125
2 0.9853515625 0.0693359375 0.029296875 0.1279296875
2 0.46484375 0.603515625 0.134765625 0.150390625
3 0.1640625 0.701171875 0.072265625 0.0751953125
2 0.298828125 0.419921875 0.1142578125 0.115234375
1 0.0263671875 0.0302734375 0.052734375 0.060546875
3 0.12109375 0.263671875 0.21875 0.158203125
1 0.267578125 0.6318359375 0.126953125 0.1171875
3 0.0234375 0.16796875 0.046875 0.109375
2 0.591796875 0.0439453125 0.119140625 0.087890625
2 0.9384765625 0.9677734375 0.1220703125 0.0625
3 0.4326171875 0.158203125 0.265625 0.263671875