2 0.73828125 0.6875 0.2861328125 0.177734375
2 0.736328125 0.892578125 0.291015625 0.1923828125
0 0.9169921875 0.9150390625 0.078125 0.1689453125
0 0.087890625 0.884765625 0.1748046875 0.1923828125
3 0.9404296875 0.33203125 0.119140625 0.1669921875
3 0.841796875 0.224609375 0.134765625 0.103515625
2 0.6884765625 0.2080078125 0.119140625 0.115234375
0 0.3466796875 0.8466796875 0.228515625 0.2001953125
2 0.08984375 0.3583984375 0.1796875 0.3203125
0 0.091796875 0.357421875 0.1826171875 0.3154296875
2 0.087890625 0.890625 0.1748046875 0.197265625
0 0.42578125 0.0966796875 0.4580078125 0.1904296875
2 0.7314453125 0.3330078125 0.130859375 0.1484375
2 0.34765625 0.857421875 0.2314453125 0.185546875
3 0.59375 0.0791015625 0.1376953125 0.1435546875
3 0.6904296875 0.208984375 0.1123046875 0.1123046875
2 0.4892578125 0.9814453125 0.154296875 0.037109375
2 0.0341796875 0.0283203125 0.0673828125 0.056640625
0 0.3388671875 0.29296875 0.3095703125 0.2060546875
2 0.5947265625 0.0791015625 0.1357421875 0.1455078125
3 0.98828125 0.0966796875 0.0234375 0.140625
2 0.837890625 0.2255859375 0.1328125 0.1064453125
0 0.806640625 0.0732421875 0.2001953125 0.146484375
0 0.9267578125 0.0732421875 0.146484375 0.146484375
3 0.7314453125 0.33203125 0.1298828125 0.1455078125