1 0.6318359375 0.1689453125 0.1015625 0.0966796875
1 0.103515625 0.0810546875 0.1455078125 0.1533203125
3 0.478515625 0.4912109375 0.140625 0.1376953125
1 0.3212890625 0.390625 0.1201171875 0.1767578125
3 0.265625 0.5751953125 0.123046875 0.140625
3 0.0546875 0.927734375 0.107421875 0.1435546875
1 0.0537109375 0.4345703125 0.1044921875 0.1220703125
3 0.166015625 0.6533203125 0.142578125 0.1328125
1 0.0986328125 0.2314453125 0.111328125 0.1220703125
1 0.4541015625 0.197265625 0.123046875 0.1220703125
1 0.6630859375 0.5009765625 0.1640625 0.125
1 0.642578125 0.6796875 0.0751953125 0.111328125
3 0.4541015625 0.1962890625 0.1220703125 0.123046875
3 0.6220703125 0.2841796875 0.056640625 0.083984375
3 0.6640625 0.501953125 0.162109375 0.126953125
1 0.205078125 0.138671875 0.0888671875 0.099609375
3 0.052734375 0.4345703125 0.099609375 0.1220703125
3 0.0966796875 0.2314453125 0.107421875 0.119140625
1 0.623046875 0.2822265625 0.056640625 0.0888671875
3 0.205078125 0.138671875 0.0908203125 0.0986328125
1 0.861328125 0.439453125 0.0751953125 0.0732421875
1 0.8798828125 0.423828125 0.115234375 0.1142578125
1 0.322265625 0.3447265625 0.09375 0.0751953125
1 0.2685546875 0.826171875 0.0595703125 0.0576171875