3 0.744140625 0.361328125 0.154296875 0.125
3 0.68359375 0.8896484375 0.1904296875 0.1640625
3 0.4638671875 0.8828125 0.1279296875 0.1142578125
3 0.9306640625 0.40234375 0.138671875 0.1171875
3 0.84765625 0.603515625 0.1455078125 0.119140625
3 0.705078125 0.3095703125 0.125 0.1015625
3 0.8837890625 0.666015625 0.1513671875 0.119140625
3 0.611328125 0.689453125 0.15625 0.1123046875
3 0.927734375 0.783203125 0.1435546875 0.1220703125
3 0.5517578125 0.572265625 0.169921875 0.115234375
3 0.501953125 0.9404296875 0.1435546875 0.115234375
3 0.509765625 0.447265625 0.158203125 0.1201171875
3 0.5380859375 0.5068359375 0.1455078125 0.1123046875
3 0.9462890625 0.8486328125 0.107421875 0.107421875
3 0.9150390625 0.341796875 0.162109375 0.119140625
3 0.31640625 0.5576171875 0.1689453125 0.140625
3 0.8994140625 0.279296875 0.1376953125 0.111328125
3 0.908203125 0.72265625 0.142578125 0.109375
3 0.6328125 0.7490234375 0.1845703125 0.1279296875
3 0.16015625 0.8076171875 0.1064453125 0.130859375
3 0.09375 0.8310546875 0.099609375 0.126953125
3 0.0400390625 0.86328125 0.080078125 0.140625
3 0.3974609375 0.193359375 0.123046875 0.103515625
3 0.7705078125 0.421875 0.1455078125 0.1201171875
3 0.837890625 0.16015625 0.173828125 0.1220703125
3 0.7958984375 0.486328125 0.140625 0.1123046875
3 0.97265625 0.515625 0.0546875 0.09375
3 0.869140625 0.2216796875 0.142578125 0.1142578125
3 0.404296875 0.755859375 0.1455078125 0.1220703125
3 0.818359375 0.5498046875 0.1298828125 0.111328125
3 0.6650390625 0.1396484375 0.125 0.15625
3 0.365234375 0.701171875 0.134765625 0.111328125
3 0.681640625 0.2470703125 0.1298828125 0.103515625
3 0.65234375 0.8076171875 0.1845703125 0.1201171875
3 0.59765625 0.623046875 0.138671875 0.1064453125
3 0.501953125 0.37890625 0.1484375 0.109375
3 0.712890625 0.087890625 0.0966796875 0.1298828125
3 0.9580078125 0.9052734375 0.0830078125 0.1142578125
3 0.333984375 0.634765625 0.1357421875 0.119140625
3 0.4306640625 0.818359375 0.1357421875 0.119140625
3 0.556640625 0.8544921875 0.044921875 0.0498046875
3 0.1875 0.298828125 0.189453125 0.142578125
3 0.9541015625 0.4599609375 0.0908203125 0.107421875
3 0.974609375 0.9599609375 0.0498046875 0.080078125
3 0.9658203125 0.591796875 0.0673828125 0.111328125
3 0.423828125 0.2734375 0.15625 0.134765625
3 0.236328125 0.93359375 0.1982421875 0.1328125
3 0.61328125 0.1826171875 0.099609375 0.1279296875
3 0.462890625 0.322265625 0.1328125 0.109375
3 0.03125 0.6240234375 0.0625 0.1484375
3 0.4609375 0.6630859375 0.0595703125 0.0576171875
3 0.837890625 0.05078125 0.1015625 0.1015625
3 0.0771484375 0.587890625 0.142578125 0.166015625
3 0.0458984375 0.9853515625 0.091796875 0.029296875
3 0.529296875 0.9765625 0.1171875 0.046875
1 0.4287109375 0.04296875 0.158203125 0.0859375
1 0.1796875 0.0556640625 0.109375 0.111328125
3 0.8134765625 0.0732421875 0.1767578125 0.146484375
3 0.755859375 0.9560546875 0.1796875 0.0859375
3 0.3544921875 0.0625 0.109375 0.103515625
3 0.259765625 0.01953125 0.111328125 0.0390625
3 0.505859375 0.01171875 0.1171875 0.0234375
3 0.9873046875 0.6591796875 0.025390625 0.1064453125
3 0.0869140625 0.1513671875 0.09375 0.0732421875
3 0.7783203125 0.06640625 0.103515625 0.1171875
1 0.1015625 0.0771484375 0.0703125 0.078125
3 0.3671875 0.080078125 0.1669921875 0.142578125
1 0.0791015625 0.126953125 0.15625 0.201171875
3 0.388671875 0.2451171875 0.205078125 0.2109375
1 0.775390625 0.9814453125 0.12890625 0.037109375
3 0.994140625 0.048828125 0.0107421875 0.0908203125
3 0.50390625 0.771484375 0.0830078125 0.080078125
1 0.0751953125 0.583984375 0.1455078125 0.1767578125
3 0.1015625 0.076171875 0.0703125 0.078125
3 0.123046875 0.9619140625 0.1123046875 0.0751953125
3 0.53515625 0.9873046875 0.142578125 0.0234375
3 0.4423828125 0.04296875 0.1298828125 0.0859375