1 0.080078125 0.962890625 0.138671875 0.072265625
3 0.1923828125 0.7431640625 0.119140625 0.1455078125
3 0.9130859375 0.0966796875 0.09375 0.087890625
3 0.115234375 0.78515625 0.1044921875 0.1171875
3 0.0732421875 0.4609375 0.1201171875 0.107421875
2 0.9404296875 0.900390625 0.119140625 0.154296875
3 0.302734375 0.517578125 0.1044921875 0.087890625
3 0.23046875 0.349609375 0.125 0.111328125
3 0.1142578125 0.521484375 0.0986328125 0.09375
3 0.2861328125 0.9345703125 0.1015625 0.109375
3 0.4140625 0.685546875 0.1845703125 0.1455078125
3 0.0390625 0.79296875 0.078125 0.109375
3 0.166015625 0.6484375 0.0908203125 0.080078125
3 0.33203125 0.568359375 0.111328125 0.09375
3 0.513671875 0.4443359375 0.1123046875 0.0966796875
1 0.828125 0.2685546875 0.140625 0.1064453125
3 0.849609375 0.361328125 0.064453125 0.0703125
3 0.3427734375 0.1171875 0.1767578125 0.150390625
3 0.94140625 0.169921875 0.087890625 0.0888671875
3 0.6298828125 0.158203125 0.1845703125 0.123046875
3 0.0517578125 0.3916015625 0.103515625 0.1044921875
3 0.5263671875 0.517578125 0.123046875 0.103515625
1 0.9443359375 0.306640625 0.111328125 0.134765625
3 0.5869140625 0.5947265625 0.1201171875 0.1435546875
3 0.7490234375 0.4306640625 0.123046875 0.0859375
3 0.310546875 0.4521484375 0.1220703125 0.095703125
3 0.01953125 0.71484375 0.0390625 0.1015625
3 0.513671875 0.625 0.1220703125 0.1357421875
3 0.62109375 0.0302734375 0.1357421875 0.0595703125
3 0.271484375 0.412109375 0.146484375 0.103515625
3 0.1376953125 0.0400390625 0.115234375 0.078125
3 0.197265625 0.953125 0.1015625 0.091796875
3 0.7431640625 0.041015625 0.119140625 0.08203125
2 0.765625 0.5263671875 0.123046875 0.123046875
3 0.0517578125 0.267578125 0.103515625 0.1845703125
3 0.7646484375 0.5263671875 0.125 0.123046875
3 0.9609375 0.0302734375 0.078125 0.060546875
3 0.642578125 0.2373046875 0.134765625 0.123046875
3 0.3447265625 0.908203125 0.078125 0.1015625
3 0.76953125 0.1103515625 0.107421875 0.0986328125
1 0.86328125 0.0478515625 0.1611328125 0.09375
3 0.599609375 0.09765625 0.0966796875 0.083984375
3 0.369140625 0.6162109375 0.177734375 0.1279296875
1 0.0517578125 0.267578125 0.103515625 0.1845703125
3 0.1337890625 0.583984375 0.109375 0.0986328125
2 0.9560546875 0.65234375 0.087890625 0.220703125
3 0.228515625 0.27734375 0.111328125 0.095703125
3 0.396484375 0.3291015625 0.1064453125 0.1015625
3 0.431640625 0.8916015625 0.107421875 0.134765625
3 0.98046875 0.1318359375 0.0390625 0.095703125
3 0.7939453125 0.189453125 0.130859375 0.1201171875
3 0.025390625 0.0712890625 0.05078125 0.142578125
3 0.6298828125 0.0791015625 0.1689453125 0.1220703125
1 0.935546875 0.46875 0.0810546875 0.1201171875
1 0.1328125 0.583984375 0.107421875 0.0986328125
0 0.8583984375 0.669921875 0.283203125 0.2626953125
3 0.2353515625 0.16015625 0.1064453125 0.1044921875
1 0.76953125 0.107421875 0.109375 0.1015625
3 0.8642578125 0.048828125 0.1591796875 0.0966796875
3 0.6298828125 0.9638671875 0.0966796875 0.072265625
1 0.4384765625 0.912109375 0.1279296875 0.1748046875
3 0.685546875 0.34375 0.1611328125 0.1484375
3 0.103515625 0.689453125 0.072265625 0.060546875
1 0.630859375 0.9638671875 0.09375 0.072265625
2 0.6298828125 0.9638671875 0.0908203125 0.0703125
1 0.4541015625 0.3896484375 0.169921875 0.119140625
1 0.3984375 0.24609375 0.208984375 0.1376953125
3 0.7783203125 0.166015625 0.0830078125 0.052734375
1 0.541015625 0.048828125 0.1015625 0.09765625
3 0.7421875 0.0185546875 0.1123046875 0.037109375
1 0.5263671875 0.5166015625 0.1298828125 0.1064453125
3 0.5390625 0.048828125 0.1015625 0.09765625
1 0.908203125 0.4775390625 0.146484375 0.142578125
3 0.478515625 0.38671875 0.1171875 0.103515625
1 0.794921875 0.1875 0.130859375 0.1220703125
2 0.8798828125 0.6533203125 0.240234375 0.240234375
3 0.396484375 0.2470703125 0.201171875 0.1357421875
1 0.0263671875 0.64453125 0.052734375 0.060546875
2 0.0302734375 0.080078125 0.060546875 0.158203125
1 0.24609375 0.0263671875 0.1669921875 0.052734375
3 0.466796875 0.97265625 0.060546875 0.0546875