1 0.0595703125 0.474609375 0.115234375 0.1201171875
3 0.740234375 0.767578125 0.1484375 0.150390625
3 0.7958984375 0.69921875 0.1513671875 0.1435546875
1 0.10546875 0.84375 0.0654296875 0.060546875
3 0.2060546875 0.5419921875 0.1123046875 0.1357421875
3 0.81640625 0.615234375 0.1201171875 0.1064453125
3 0.537109375 0.6787109375 0.1064453125 0.0966796875
3 0.419921875 0.5068359375 0.1171875 0.1171875
3 0.37109375 0.6591796875 0.0966796875 0.099609375
3 0.142578125 0.7158203125 0.1123046875 0.125
1 0.1484375 0.9375 0.068359375 0.068359375
1 0.9580078125 0.423828125 0.0830078125 0.1015625
3 0.87109375 0.58203125 0.095703125 0.091796875
3 0.267578125 0.79296875 0.1015625 0.1171875
3 0.3603515625 0.9052734375 0.15625 0.1689453125
2 0.6376953125 0.03125 0.0908203125 0.0625
3 0.9443359375 0.845703125 0.111328125 0.1123046875
3 0.2734375 0.962890625 0.1015625 0.0732421875
2 0.876953125 0.9150390625 0.1982421875 0.169921875
3 0.4326171875 0.68359375 0.0908203125 0.087890625
3 0.259765625 0.583984375 0.091796875 0.095703125
3 0.681640625 0.8251953125 0.0966796875 0.091796875
3 0.171875 0.3642578125 0.080078125 0.0859375
2 0.689453125 0.482421875 0.166015625 0.15625
1 0.171875 0.873046875 0.0654296875 0.064453125
1 0.2060546875 0.75390625 0.0986328125 0.103515625
3 0.4892578125 0.5537109375 0.099609375 0.0966796875
3 0.9814453125 0.6865234375 0.037109375 0.095703125
1 0.28515625 0.42578125 0.0966796875 0.109375
2 0.8876953125 0.248046875 0.1640625 0.162109375
3 0.57421875 0.962890625 0.1435546875 0.0732421875
1 0.0478515625 0.728515625 0.0888671875 0.095703125
1 0.162109375 0.9482421875 0.1123046875 0.1015625
2 0.462890625 0.2998046875 0.177734375 0.169921875
3 0.345703125 0.4677734375 0.107421875 0.123046875
0 0.201171875 0.0615234375 0.3173828125 0.123046875
0 0.8876953125 0.244140625 0.1669921875 0.1640625
1 0.5078125 0.7265625 0.119140625 0.109375
1 0.923828125 0.4794921875 0.0966796875 0.09375
3 0.912109375 0.728515625 0.041015625 0.041015625
0 0.5244140625 0.181640625 0.177734375 0.173828125
3 0.287109375 0.4248046875 0.0986328125 0.1123046875
1 0.5361328125 0.591796875 0.0859375 0.0908203125
3 0.46484375 0.298828125 0.181640625 0.169921875
3 0.896484375 0.5263671875 0.099609375 0.091796875
3 0.9833984375 0.6005859375 0.033203125 0.0576171875
3 0.322265625 0.6142578125 0.115234375 0.1220703125
3 0.9716796875 0.779296875 0.0546875 0.123046875
1 0.037109375 0.857421875 0.0546875 0.056640625
1 0.6005859375 0.892578125 0.1171875 0.142578125
2 0.5185546875 0.1796875 0.162109375 0.1669921875
3 0.5341796875 0.5927734375 0.0859375 0.0888671875
1 0.609375 0.8623046875 0.0732421875 0.0732421875
3 0.7802734375 0.9833984375 0.1171875 0.03125
2 0.822265625 0.322265625 0.0654296875 0.0546875
3 0.59375 0.9150390625 0.0888671875 0.087890625
1 0.2294921875 0.3203125 0.09375 0.091796875
3 0.037109375 0.8564453125 0.0546875 0.056640625
1 0.4814453125 0.55078125 0.107421875 0.1044921875
1 0.0205078125 0.646484375 0.041015625 0.0966796875
3 0.5546875 0.6142578125 0.138671875 0.1376953125
3 0.0224609375 0.658203125 0.044921875 0.123046875
2 0.181640625 0.0625 0.353515625 0.125
1 0.0263671875 0.669921875 0.0517578125 0.173828125
3 0.6005859375 0.892578125 0.1201171875 0.142578125
2 0.9853515625 0.09375 0.029296875 0.037109375