3 0.6435546875 0.857421875 0.1279296875 0.1767578125
3 0.1611328125 0.478515625 0.193359375 0.1767578125
3 0.935546875 0.919921875 0.1279296875 0.1591796875
3 0.8359375 0.9013671875 0.111328125 0.15625
3 0.751953125 0.607421875 0.205078125 0.177734375
3 0.451171875 0.51953125 0.193359375 0.189453125
3 0.056640625 0.7080078125 0.11328125 0.146484375
3 0.4462890625 0.8076171875 0.125 0.150390625
3 0.419921875 0.388671875 0.2060546875 0.185546875
3 0.3525390625 0.26953125 0.177734375 0.1767578125
3 0.228515625 0.62109375 0.1455078125 0.1298828125
3 0.53125 0.830078125 0.095703125 0.130859375
3 0.251953125 0.751953125 0.125 0.138671875
3 0.068359375 0.251953125 0.134765625 0.1845703125
3 0.3486328125 0.779296875 0.125 0.1435546875
3 0.947265625 0.046875 0.1044921875 0.09375
3 0.5693359375 0.7080078125 0.2236328125 0.173828125
1 0.8642578125 0.2861328125 0.125 0.1142578125
3 0.0986328125 0.3623046875 0.197265625 0.1767578125
3 0.859375 0.74609375 0.1904296875 0.177734375
3 0.3603515625 0.9814453125 0.103515625 0.037109375
1 0.685546875 0.5 0.2060546875 0.1669921875
3 0.8212890625 0.080078125 0.189453125 0.16015625
3 0.576171875 0.244140625 0.234375 0.2001953125
3 0.1376953125 0.7197265625 0.091796875 0.15625
3 0.3037109375 0.1552734375 0.234375 0.177734375
2 0.4716796875 0.03515625 0.197265625 0.0703125
1 0.099609375 0.9462890625 0.109375 0.1064453125
3 0.4638671875 0.0341796875 0.193359375 0.068359375
1 0.201171875 0.9462890625 0.1796875 0.107421875
3 0.740234375 0.8818359375 0.1357421875 0.1796875
3 0.2041015625 0.947265625 0.1767578125 0.103515625
3 0.685546875 0.4970703125 0.203125 0.177734375
1 0.7412109375 0.8720703125 0.1279296875 0.15625
1 0.251953125 0.966796875 0.072265625 0.064453125
2 0.5771484375 0.24609375 0.2392578125 0.2080078125
3 0.11328125 0.330078125 0.1044921875 0.09375
3 0.3525390625 0.138671875 0.1220703125 0.1201171875
3 0.748046875 0.474609375 0.0625 0.0751953125
1 0.5771484375 0.244140625 0.234375 0.2001953125
3 0.9873046875 0.9404296875 0.0234375 0.119140625
3 0.021484375 0.484375 0.0419921875 0.1201171875
1 0.78515625 0.0126953125 0.107421875 0.025390625