3 0.947265625 0.3623046875 0.1044921875 0.1064453125
3 0.7607421875 0.4755859375 0.173828125 0.158203125
1 0.67578125 0.1982421875 0.125 0.126953125
3 0.791015625 0.267578125 0.1328125 0.1455078125
3 0.4169921875 0.603515625 0.0908203125 0.0986328125
1 0.384765625 0.404296875 0.1201171875 0.1484375
3 0.228515625 0.677734375 0.099609375 0.1142578125
3 0.482421875 0.326171875 0.083984375 0.103515625
1 0.52734375 0.5517578125 0.09375 0.099609375
3 0.8671875 0.3056640625 0.111328125 0.119140625
2 0.0625 0.423828125 0.1044921875 0.1123046875
3 0.3623046875 0.166015625 0.0966796875 0.099609375
1 0.177734375 0.1416015625 0.095703125 0.111328125
3 0.03125 0.970703125 0.0625 0.0576171875
3 0.6337890625 0.5234375 0.0966796875 0.107421875
1 0.6357421875 0.5263671875 0.1015625 0.115234375
0 0.05859375 0.4072265625 0.115234375 0.1513671875
1 0.74609375 0.142578125 0.09375 0.1015625
3 0.357421875 0.0400390625 0.115234375 0.078125
0 0.08984375 0.232421875 0.177734375 0.1982421875
3 0.52734375 0.55078125 0.09375 0.1015625
3 0.9814453125 0.1298828125 0.037109375 0.130859375
3 0.109375 0.23828125 0.1279296875 0.140625
1 0.572265625 0.349609375 0.1171875 0.140625
1 0.046875 0.177734375 0.0673828125 0.0751953125
3 0.7109375 0.349609375 0.068359375 0.064453125
1 0.611328125 0.2431640625 0.0517578125 0.0576171875
1 0.2705078125 0.5029296875 0.0576171875 0.0595703125
3 0.818359375 0.28515625 0.2236328125 0.1953125
3 0.572265625 0.345703125 0.1201171875 0.1484375