3 0.4306640625 0.2685546875 0.1357421875 0.1357421875
3 0.5595703125 0.16796875 0.138671875 0.138671875
3 0.5498046875 0.392578125 0.1279296875 0.1279296875
3 0.373046875 0.33203125 0.126953125 0.1357421875
3 0.615234375 0.33203125 0.1220703125 0.126953125
3 0.306640625 0.060546875 0.126953125 0.1201171875
3 0.4970703125 0.4580078125 0.1201171875 0.1142578125
3 0.41796875 0.5068359375 0.1376953125 0.146484375
3 0.6162109375 0.09375 0.1484375 0.1611328125
3 0.529296875 0.95703125 0.1455078125 0.0859375
3 0.2421875 0.126953125 0.1376953125 0.1357421875
3 0.908203125 0.3681640625 0.1171875 0.125
3 0.3125 0.3818359375 0.1201171875 0.123046875
3 0.67578125 0.2705078125 0.1298828125 0.1220703125
3 0.4912109375 0.220703125 0.126953125 0.130859375
3 0.66796875 0.615234375 0.1513671875 0.1513671875
3 0.1796875 0.18359375 0.123046875 0.1220703125
3 0.19140625 0.498046875 0.119140625 0.111328125
3 0.798828125 0.146484375 0.1279296875 0.1298828125
3 0.353515625 0.568359375 0.126953125 0.1220703125
3 0.3828125 0.03125 0.126953125 0.0625
3 0.126953125 0.560546875 0.1611328125 0.150390625
3 0.93359375 0.9365234375 0.1328125 0.125
3 0.056640625 0.306640625 0.1123046875 0.126953125
3 0.2578125 0.44140625 0.126953125 0.123046875
3 0.6005859375 0.669921875 0.154296875 0.1513671875
3 0.0361328125 0.134765625 0.072265625 0.150390625
3 0.734375 0.2158203125 0.1171875 0.123046875
3 0.6513671875 0.8447265625 0.1328125 0.130859375
3 0.123046875 0.037109375 0.1455078125 0.0732421875
3 0.6728515625 0.0390625 0.1044921875 0.076171875
3 0.0576171875 0.0625 0.111328125 0.1044921875
3 0.783203125 0.484375 0.111328125 0.1201171875
3 0.3505859375 0.931640625 0.134765625 0.1328125
3 0.595703125 0.8994140625 0.134765625 0.130859375
3 0.8642578125 0.4375 0.146484375 0.146484375
3 0.7236328125 0.548828125 0.125 0.1220703125
3 0.291015625 0.630859375 0.1455078125 0.140625
3 0.0263671875 0.3740234375 0.0517578125 0.150390625
3 0.8974609375 0.61328125 0.126953125 0.1220703125
3 0.5302734375 0.7275390625 0.1533203125 0.1484375
3 0.9541015625 0.3017578125 0.091796875 0.111328125
2 0.107421875 0.9013671875 0.115234375 0.146484375
3 0.8974609375 0.076171875 0.205078125 0.15234375
2 0.2216796875 0.697265625 0.146484375 0.1328125
3 0.9814453125 0.8828125 0.037109375 0.134765625
3 0.4736328125 0.798828125 0.142578125 0.138671875
3 0.1240234375 0.2314453125 0.111328125 0.142578125
3 0.9541015625 0.556640625 0.091796875 0.1171875
2 0.298828125 0.9677734375 0.126953125 0.064453125
3 0.7421875 0.02734375 0.150390625 0.0546875
3 0.2978515625 0.9697265625 0.126953125 0.060546875
3 0.982421875 0.236328125 0.033203125 0.162109375
2 0.046875 0.8349609375 0.09375 0.1142578125
3 0.4208984375 0.869140625 0.15625 0.1435546875
2 0.05078125 0.9736328125 0.0986328125 0.052734375
3 0.412109375 0.8505859375 0.1015625 0.1064453125
3 0.220703125 0.69921875 0.146484375 0.1298828125
3 0.841796875 0.6708984375 0.126953125 0.125
3 0.9697265625 0.47265625 0.060546875 0.140625
3 0.064453125 0.625 0.119140625 0.1220703125
3 0.1142578125 0.0625 0.2265625 0.125
1 0.7470703125 0.025390625 0.146484375 0.05078125
3 0.9248046875 0.0517578125 0.150390625 0.103515625
3 0.73046875 0.8037109375 0.1171875 0.1123046875
3 0.0126953125 0.806640625 0.025390625 0.126953125
3 0.111328125 0.89453125 0.107421875 0.1357421875
3 0.0244140625 0.111328125 0.048828125 0.0966796875
3 0.046875 0.8369140625 0.09375 0.111328125
3 0.033203125 0.021484375 0.06640625 0.04296875
3 0.802734375 0.697265625 0.2109375 0.1923828125
3 0.9501953125 0.505859375 0.099609375 0.240234375
3 0.0517578125 0.9736328125 0.099609375 0.052734375
3 0.091796875 0.2548828125 0.1796875 0.224609375
3 0.5703125 0.701171875 0.2373046875 0.2236328125
3 0.8515625 0.98828125 0.130859375 0.021484375
2 0.291015625 0.6298828125 0.1435546875 0.142578125