3 0.9345703125 0.8046875 0.130859375 0.140625
3 0.892578125 0.712890625 0.1298828125 0.126953125
3 0.921875 0.919921875 0.126953125 0.1201171875
3 0.19921875 0.6708984375 0.119140625 0.123046875
3 0.458984375 0.228515625 0.130859375 0.154296875
3 0.7548828125 0.068359375 0.130859375 0.13671875
3 0.7138671875 0.6005859375 0.1376953125 0.130859375
3 0.658203125 0.3955078125 0.1171875 0.1201171875
3 0.572265625 0.6982421875 0.1455078125 0.140625
3 0.74609375 0.478515625 0.1435546875 0.1357421875
3 0.0400390625 0.5 0.080078125 0.162109375
3 0.587890625 0.4423828125 0.1201171875 0.1220703125
3 0.857421875 0.4326171875 0.1376953125 0.1455078125
3 0.396484375 0.962890625 0.1015625 0.072265625
3 0.3046875 0.3369140625 0.134765625 0.1435546875
3 0.0771484375 0.939453125 0.1171875 0.119140625
3 0.216796875 0.853515625 0.1064453125 0.1220703125
3 0.087890625 0.462890625 0.126953125 0.138671875
3 0.9619140625 0.6494140625 0.076171875 0.1328125
3 0.341796875 0.583984375 0.138671875 0.140625
3 0.728515625 0.34375 0.1298828125 0.1357421875
3 0.2822265625 0.7958984375 0.1279296875 0.150390625
3 0.607421875 0.904296875 0.158203125 0.1513671875
3 0.2294921875 0.3759765625 0.1201171875 0.1357421875
3 0.830078125 0.8505859375 0.068359375 0.064453125
3 0.1640625 0.421875 0.1220703125 0.125
3 0.642578125 0.7822265625 0.1689453125 0.1435546875
3 0.779296875 0.6923828125 0.1611328125 0.1513671875
3 0.1455078125 0.884765625 0.134765625 0.15625
3 0.271484375 0.6259765625 0.140625 0.146484375
3 0.6533203125 0.9609375 0.140625 0.078125
3 0.9384765625 0.212890625 0.123046875 0.1357421875
3 0.8203125 0.041015625 0.125 0.0810546875
3 0.033203125 0.8212890625 0.0654296875 0.1611328125
3 0.9501953125 0.9755859375 0.0986328125 0.048828125
3 0.052734375 0.7587890625 0.1044921875 0.1123046875
3 0.0341796875 0.958984375 0.068359375 0.0810546875
3 0.8974609375 0.0185546875 0.109375 0.037109375
3 0.1201171875 0.7119140625 0.1328125 0.1357421875
3 0.482421875 0.4990234375 0.1484375 0.1513671875
3 0.314453125 0.9794921875 0.1279296875 0.041015625
3 0.669921875 0.087890625 0.1220703125 0.1328125
3 0.7626953125 0.9736328125 0.134765625 0.052734375
3 0.4208984375 0.693359375 0.2470703125 0.2001953125
1 0.0263671875 0.248046875 0.052734375 0.1904296875
3 0.8017578125 0.2978515625 0.1142578125 0.123046875
3 0.8720703125 0.2568359375 0.125 0.130859375
3 0.5390625 0.197265625 0.1220703125 0.1279296875
3 0.453125 0.666015625 0.1455078125 0.134765625
3 0.455078125 0.0224609375 0.1220703125 0.044921875
3 0.564453125 0.1396484375 0.2001953125 0.2451171875
3 0.361328125 0.728515625 0.125 0.115234375
1 0.01953125 0.2021484375 0.0390625 0.09375
3 0.5966796875 0.119140625 0.130859375 0.1845703125
3 0.123046875 0.2109375 0.107421875 0.142578125
3 0.49609375 0.943359375 0.146484375 0.1123046875
3 0.0302734375 0.0517578125 0.060546875 0.103515625
3 0.4560546875 0.53515625 0.21875 0.177734375
3 0.251953125 0.0400390625 0.1376953125 0.078125
3 0.1044921875 0.744140625 0.208984375 0.205078125
3 0.638671875 0.0146484375 0.0703125 0.0283203125
3 0.74609375 0.712890625 0.083984375 0.087890625
3 0.412109375 0.5400390625 0.1279296875 0.138671875
3 0.2890625 0.8203125 0.095703125 0.095703125
3 0.560546875 0.9111328125 0.279296875 0.177734375
3 0.9716796875 0.1708984375 0.056640625 0.1533203125
3 0.7646484375 0.3291015625 0.203125 0.1767578125
3 0.029296875 0.009765625 0.05859375 0.01953125
1 0.939453125 0.388671875 0.119140625 0.1484375
3 0.875 0.51953125 0.056640625 0.037109375
3 0.0966796875 0.8115234375 0.076171875 0.0654296875
3 0.2626953125 0.763671875 0.083984375 0.0810546875
3 0.2412109375 0.197265625 0.0986328125 0.083984375
3 0.6728515625 0.6533203125 0.046875 0.0498046875