2 0.796875 0.939453125 0.1044921875 0.1201171875
2 0.802734375 0.1123046875 0.1982421875 0.189453125
2 0.9365234375 0.48828125 0.126953125 0.205078125
3 0.1318359375 0.181640625 0.123046875 0.1513671875
3 0.4677734375 0.2919921875 0.107421875 0.1220703125
3 0.3837890625 0.2626953125 0.123046875 0.1513671875
3 0.2080078125 0.2265625 0.1298828125 0.1875
3 0.3828125 0.0283203125 0.1171875 0.056640625
3 0.0830078125 0.8994140625 0.103515625 0.1201171875
1 0.2880859375 0.9384765625 0.1044921875 0.1044921875
3 0.57421875 0.083984375 0.1201171875 0.123046875
3 0.552734375 0.3154296875 0.115234375 0.1328125
2 0.2802734375 0.736328125 0.2685546875 0.2109375
2 0.896484375 0.9716796875 0.080078125 0.056640625
2 0.681640625 0.5546875 0.1533203125 0.1748046875
1 0.021484375 0.3603515625 0.04296875 0.119140625
3 0.6318359375 0.3564453125 0.111328125 0.138671875
3 0.576171875 0.5068359375 0.1513671875 0.1611328125
3 0.0478515625 0.1474609375 0.09375 0.138671875
3 0.0263671875 0.8828125 0.052734375 0.1171875
2 0.908203125 0.62890625 0.138671875 0.1484375
1 0.4609375 0.470703125 0.1357421875 0.1591796875
2 0.943359375 0.0283203125 0.1123046875 0.0546875
2 0.904296875 0.060546875 0.1279296875 0.119140625
3 0.2880859375 0.025390625 0.119140625 0.05078125
3 0.1318359375 0.373046875 0.1044921875 0.1640625
2 0.576171875 0.5048828125 0.150390625 0.162109375
3 0.2919921875 0.240234375 0.1328125 0.1767578125
2 0.658203125 0.025390625 0.1123046875 0.0498046875
3 0.1826171875 0.3984375 0.099609375 0.1513671875
3 0.1875 0.8681640625 0.125 0.138671875
3 0.3056640625 0.21875 0.0986328125 0.0986328125
0 0.8876953125 0.869140625 0.224609375 0.2109375
3 0.2724609375 0.412109375 0.083984375 0.134765625
1 0.0673828125 0.3671875 0.099609375 0.140625
2 0.9775390625 0.9228515625 0.044921875 0.087890625
2 0.0986328125 0.6689453125 0.181640625 0.138671875
2 0.576171875 0.083984375 0.1220703125 0.123046875
2 0.9130859375 0.9697265625 0.162109375 0.060546875
0 0.462890625 0.4697265625 0.1376953125 0.1591796875
2 0.18359375 0.392578125 0.099609375 0.162109375
3 0.658203125 0.0244140625 0.1123046875 0.048828125
2 0.1865234375 0.8681640625 0.123046875 0.1376953125
3 0.2626953125 0.2890625 0.076171875 0.087890625
2 0.884765625 0.8671875 0.224609375 0.2138671875
1 0.271484375 0.4130859375 0.083984375 0.1376953125
0 0.8876953125 0.6298828125 0.185546875 0.1669921875
2 0.130859375 0.373046875 0.107421875 0.162109375
3 0.1357421875 0.150390625 0.095703125 0.0859375