3 0.224609375 0.4873046875 0.091796875 0.080078125
3 0.1044921875 0.642578125 0.1220703125 0.1123046875
3 0.724609375 0.6044921875 0.1279296875 0.1279296875
1 0.583984375 0.771484375 0.15625 0.1484375
1 0.853515625 0.9814453125 0.0908203125 0.037109375
3 0.7763671875 0.8798828125 0.1123046875 0.115234375
1 0.029296875 0.5849609375 0.05859375 0.123046875
1 0.7724609375 0.8720703125 0.119140625 0.130859375
3 0.61328125 0.8056640625 0.087890625 0.0732421875
1 0.017578125 0.4892578125 0.03515625 0.052734375
1 0.705078125 0.986328125 0.1064453125 0.0263671875