1 0.1484375 0.4453125 0.1201171875 0.119140625
0 0.923828125 0.142578125 0.099609375 0.279296875
3 0.283203125 0.162109375 0.1328125 0.126953125
1 0.3876953125 0.234375 0.115234375 0.123046875
3 0.4287109375 0.4775390625 0.1064453125 0.0888671875
3 0.3818359375 0.9677734375 0.091796875 0.064453125
0 0.740234375 0.810546875 0.2626953125 0.283203125
3 0.0302734375 0.4169921875 0.060546875 0.1123046875
3 0.03515625 0.580078125 0.0703125 0.1064453125
3 0.427734375 0.017578125 0.041015625 0.033203125
1 0.033203125 0.41796875 0.064453125 0.115234375
0 0.779296875 0.4248046875 0.125 0.1845703125
1 0.2763671875 0.48046875 0.0625 0.0625
0 0.8955078125 0.439453125 0.2080078125 0.2548828125
3 0.13671875 0.0234375 0.2001953125 0.046875
2 0.595703125 0.943359375 0.1220703125 0.1123046875
2 0.5322265625 0.978515625 0.1201171875 0.0419921875
3 0.5966796875 0.943359375 0.125 0.111328125
1 0.4287109375 0.4765625 0.107421875 0.0966796875
1 0.5966796875 0.9423828125 0.1279296875 0.1142578125
0 0.935546875 0.0615234375 0.0986328125 0.123046875
1 0.9189453125 0.18359375 0.0703125 0.1201171875
3 0.5517578125 0.978515625 0.1376953125 0.0419921875