3 0.5166015625 0.7880859375 0.15625 0.15625
3 0.482421875 0.0634765625 0.1591796875 0.126953125
3 0.125 0.072265625 0.1533203125 0.1435546875
3 0.0517578125 0.25 0.1015625 0.1513671875
3 0.9296875 0.61328125 0.140625 0.15625
3 0.947265625 0.1015625 0.1044921875 0.1201171875
3 0.3662109375 0.240234375 0.1689453125 0.1533203125
3 0.8447265625 0.681640625 0.166015625 0.1533203125
3 0.55859375 0.939453125 0.162109375 0.119140625
3 0.09375 0.6005859375 0.150390625 0.158203125
1 0.4130859375 0.4755859375 0.1591796875 0.150390625
3 0.244140625 0.4130859375 0.1484375 0.142578125
3 0.6630859375 0.814453125 0.1533203125 0.150390625
3 0.0810546875 0.162109375 0.1435546875 0.146484375
3 0.9501953125 0.91015625 0.099609375 0.171875
3 0.349609375 0.57421875 0.171875 0.181640625
3 0.7099609375 0.126953125 0.1611328125 0.158203125
3 0.193359375 0.7490234375 0.15625 0.1533203125
3 0.595703125 0.193359375 0.1748046875 0.1826171875
3 0.947265625 0.49609375 0.103515625 0.1142578125
3 0.30859375 0.3330078125 0.1689453125 0.166015625
1 0.876953125 0.361328125 0.115234375 0.1513671875
3 0.736328125 0.716796875 0.0751953125 0.083984375
3 0.833984375 0.111328125 0.1328125 0.138671875
3 0.345703125 0.931640625 0.158203125 0.1357421875
3 0.4296875 0.1484375 0.177734375 0.1611328125
3 0.197265625 0.521484375 0.1796875 0.1796875
3 0.962890625 0.36328125 0.072265625 0.1455078125
3 0.6376953125 0.60546875 0.1611328125 0.154296875
3 0.0283203125 0.3486328125 0.056640625 0.1455078125
3 0.712890625 0.91796875 0.1591796875 0.1640625
3 0.52734375 0.29296875 0.1513671875 0.1513671875
3 0.765625 0.978515625 0.130859375 0.0419921875
3 0.4677734375 0.38671875 0.15625 0.1640625
1 0.962890625 0.365234375 0.0732421875 0.1435546875
1 0.5830078125 0.69921875 0.1669921875 0.162109375
3 0.4599609375 0.8623046875 0.138671875 0.134765625
3 0.5498046875 0.0234375 0.169921875 0.046875
3 0.7412109375 0.46875 0.2578125 0.2685546875
3 0.7021484375 0.5087890625 0.173828125 0.1640625
3 0.791015625 0.6171875 0.0986328125 0.0986328125
3 0.283203125 0.677734375 0.154296875 0.158203125
3 0.7685546875 0.4287109375 0.1748046875 0.173828125
3 0.7021484375 0.02734375 0.126953125 0.0546875
3 0.583984375 0.7001953125 0.1640625 0.1611328125
1 0.46875 0.3857421875 0.158203125 0.1640625
3 0.9560546875 0.2314453125 0.087890625 0.048828125
1 0.2021484375 0.037109375 0.1611328125 0.0732421875
3 0.3203125 0.6181640625 0.236328125 0.2861328125
3 0.2041015625 0.0361328125 0.1669921875 0.072265625
1 0.025390625 0.109375 0.05078125 0.078125
3 0.0390625 0.697265625 0.078125 0.228515625
3 0.40625 0.8818359375 0.091796875 0.0966796875
3 0.4189453125 0.900390625 0.0654296875 0.0625
3 0.015625 0.7451171875 0.029296875 0.150390625
1 0.7099609375 0.884765625 0.1171875 0.087890625
3 0.568359375 0.2314453125 0.2392578125 0.287109375
1 0.76953125 0.4208984375 0.154296875 0.154296875
3 0.541015625 0.701171875 0.0751953125 0.0751953125