2 0.3798828125 0.5166015625 0.126953125 0.126953125
3 0.3642578125 0.93359375 0.1298828125 0.130859375
3 0.2109375 0.931640625 0.1298828125 0.1279296875
3 0.794921875 0.119140625 0.115234375 0.109375
3 0.8935546875 0.1708984375 0.1201171875 0.150390625
2 0.17578125 0.158203125 0.142578125 0.1513671875
3 0.67578125 0.2431640625 0.0751953125 0.0751953125
2 0.2119140625 0.5517578125 0.119140625 0.125
2 0.4443359375 0.3662109375 0.1455078125 0.1591796875
2 0.0869140625 0.09765625 0.173828125 0.1953125
3 0.962890625 0.2109375 0.0732421875 0.1982421875
2 0.3125 0.2666015625 0.140625 0.142578125
3 0.8134765625 0.365234375 0.115234375 0.1328125
1 0.5908203125 0.205078125 0.1513671875 0.1533203125
3 0.4453125 0.9580078125 0.125 0.0830078125
3 0.7431640625 0.306640625 0.1064453125 0.103515625
3 0.2568359375 0.853515625 0.1298828125 0.1357421875
3 0.51953125 0.798828125 0.1064453125 0.1044921875
3 0.453125 0.73828125 0.126953125 0.126953125
2 0.150390625 0.49609375 0.1435546875 0.1533203125
3 0.154296875 0.9697265625 0.1435546875 0.060546875
3 0.9306640625 0.7294921875 0.138671875 0.173828125
3 0.732421875 0.9296875 0.1357421875 0.140625
3 0.458984375 0.125 0.123046875 0.1142578125
3 0.0771484375 0.724609375 0.1328125 0.125
1 0.6669921875 0.873046875 0.1435546875 0.1513671875
3 0.37890625 0.681640625 0.1611328125 0.1591796875
1 0.5068359375 0.0576171875 0.130859375 0.115234375
3 0.4462890625 0.365234375 0.1513671875 0.1669921875
3 0.8740234375 0.4150390625 0.0830078125 0.0859375
3 0.6669921875 0.5166015625 0.1220703125 0.1298828125
2 0.51171875 0.4169921875 0.146484375 0.185546875
1 0.560546875 0.185546875 0.087890625 0.107421875
3 0.052734375 0.802734375 0.10546875 0.14453125
3 0.513671875 0.419921875 0.1533203125 0.1826171875
3 0.9833984375 0.5048828125 0.033203125 0.15625
3 0.5078125 0.177734375 0.0908203125 0.0966796875
2 0.9306640625 0.7275390625 0.138671875 0.173828125
2 0.669921875 0.5146484375 0.1220703125 0.1279296875
2 0.59375 0.466796875 0.1435546875 0.154296875
3 0.59375 0.462890625 0.1435546875 0.1591796875
1 0.7890625 0.0283203125 0.0595703125 0.0546875
2 0.7314453125 0.9306640625 0.138671875 0.138671875
3 0.384765625 0.310546875 0.134765625 0.142578125
2 0.384765625 0.3095703125 0.1328125 0.1455078125
2 0.833984375 0.64453125 0.2294921875 0.216796875
3 0.5888671875 0.8369140625 0.0986328125 0.1015625
3 0.9677734375 0.017578125 0.060546875 0.03515625
3 0.873046875 0.666015625 0.1484375 0.1611328125
3 0.298828125 0.0341796875 0.126953125 0.068359375
3 0.154296875 0.494140625 0.1484375 0.158203125
3 0.07421875 0.451171875 0.140625 0.1513671875
2 0.380859375 0.681640625 0.15625 0.1591796875
3 0.66796875 0.873046875 0.142578125 0.1513671875
3 0.025390625 0.8896484375 0.0498046875 0.134765625
1 0.9482421875 0.4453125 0.103515625 0.1279296875
3 0.015625 0.6611328125 0.03125 0.1123046875
2 0.244140625 0.2080078125 0.125 0.138671875
3 0.7978515625 0.619140625 0.1484375 0.1669921875
3 0.2802734375 0.986328125 0.0654296875 0.0263671875
2 0.07421875 0.4521484375 0.140625 0.1513671875
2 0.552734375 0.4365234375 0.234375 0.234375
3 0.80078125 0.9638671875 0.1357421875 0.072265625
2 0.2021484375 0.1796875 0.208984375 0.2080078125
3 0.0400390625 0.3876953125 0.080078125 0.2001953125
2 0.041015625 0.3876953125 0.0810546875 0.203125
3 0.517578125 0.9833984375 0.123046875 0.033203125
3 0.9462890625 0.4404296875 0.107421875 0.130859375
2 0.794921875 0.623046875 0.146484375 0.1689453125
2 0.2939453125 0.4541015625 0.126953125 0.1171875
0 0.380859375 0.681640625 0.1591796875 0.1611328125
3 0.73046875 0.576171875 0.119140625 0.1171875
3 0.8310546875 0.6435546875 0.2265625 0.2216796875