3 0.5478515625 0.3564453125 0.109375 0.087890625
3 0.6435546875 0.658203125 0.1142578125 0.1142578125
1 0.923828125 0.5517578125 0.1142578125 0.125
3 0.66796875 0.5390625 0.0966796875 0.0908203125
0 0.908203125 0.220703125 0.1767578125 0.4404296875
3 0.5390625 0.51953125 0.140625 0.1796875
1 0.44140625 0.4619140625 0.0732421875 0.068359375
3 0.4248046875 0.537109375 0.0732421875 0.0703125
3 0.3583984375 0.68359375 0.193359375 0.212890625
3 0.7412109375 0.607421875 0.0908203125 0.0966796875
1 0.681640625 0.4462890625 0.0888671875 0.107421875
3 0.53515625 0.572265625 0.0654296875 0.068359375
1 0.07421875 0.4990234375 0.099609375 0.0830078125
2 0.357421875 0.681640625 0.1953125 0.2138671875
2 0.9140625 0.314453125 0.171875 0.271484375
3 0.072265625 0.498046875 0.0966796875 0.078125
3 0.681640625 0.447265625 0.087890625 0.1064453125
3 0.548828125 0.4912109375 0.1142578125 0.109375
0 0.7373046875 0.203125 0.1201171875 0.1796875