3 0.068359375 0.4560546875 0.134765625 0.1435546875
3 0.5546875 0.716796875 0.099609375 0.09375
3 0.3916015625 0.2080078125 0.1171875 0.134765625
3 0.134765625 0.669921875 0.091796875 0.0830078125
3 0.1396484375 0.958984375 0.0908203125 0.0810546875
3 0.9482421875 0.9208984375 0.072265625 0.0830078125
3 0.6083984375 0.9189453125 0.0859375 0.0908203125
3 0.361328125 0.6337890625 0.1171875 0.1142578125
3 0.505859375 0.3251953125 0.1298828125 0.111328125
3 0.87890625 0.9501953125 0.12890625 0.099609375
3 0.251953125 0.1982421875 0.103515625 0.119140625
1 0.396484375 0.8330078125 0.1357421875 0.1328125
3 0.705078125 0.724609375 0.0888671875 0.1064453125
3 0.4912109375 0.123046875 0.1171875 0.1064453125
3 0.9404296875 0.380859375 0.119140625 0.1826171875
3 0.564453125 0.7880859375 0.0830078125 0.0751953125
1 0.251953125 0.921875 0.0703125 0.078125
3 0.8076171875 0.505859375 0.0595703125 0.083984375
3 0.361328125 0.4462890625 0.0517578125 0.0546875
1 0.1943359375 0.498046875 0.1064453125 0.0859375
1 0.224609375 0.6103515625 0.09375 0.0810546875
1 0.0419921875 0.072265625 0.083984375 0.1142578125
3 0.201171875 0.0380859375 0.1767578125 0.076171875
3 0.0546875 0.287109375 0.0888671875 0.087890625
1 0.4462890625 0.4052734375 0.09375 0.0888671875
3 0.478515625 0.458984375 0.1201171875 0.0986328125
3 0.0224609375 0.591796875 0.044921875 0.1201171875
3 0.8046875 0.9765625 0.119140625 0.046875
3 0.548828125 0.052734375 0.1171875 0.1044921875
3 0.4833984375 0.162109375 0.1455078125 0.1904296875
1 0.11328125 0.796875 0.1015625 0.0888671875
1 0.83203125 0.6767578125 0.1171875 0.1044921875
1 0.5498046875 0.052734375 0.1201171875 0.1044921875
3 0.353515625 0.505859375 0.0595703125 0.0595703125
3 0.357421875 0.474609375 0.0859375 0.1201171875
3 0.849609375 0.412109375 0.033203125 0.0361328125
3 0.9853515625 0.849609375 0.029296875 0.1328125
3 0.83203125 0.6640625 0.111328125 0.076171875
3 0.3974609375 0.83203125 0.1357421875 0.134765625
1 0.3984375 0.021484375 0.125 0.04296875
1 0.1416015625 0.2529296875 0.0830078125 0.1513671875
3 0.11328125 0.798828125 0.0986328125 0.087890625
3 0.009765625 0.486328125 0.01953125 0.09375
1 0.2587890625 0.9384765625 0.09375 0.119140625
3 0.0439453125 0.0712890625 0.0859375 0.107421875
3 0.251953125 0.9208984375 0.072265625 0.078125
1 0.166015625 0.267578125 0.140625 0.1796875
3 0.2783203125 0.34765625 0.0810546875 0.076171875