3 0.3603515625 0.1611328125 0.1591796875 0.162109375
3 0.4423828125 0.076171875 0.1533203125 0.1513671875
3 0.0927734375 0.5517578125 0.154296875 0.1484375
1 0.8388671875 0.4609375 0.1220703125 0.125
3 0.291015625 0.4404296875 0.146484375 0.1455078125
3 0.611328125 0.1513671875 0.1376953125 0.140625
3 0.537109375 0.240234375 0.140625 0.1455078125
3 0.27734375 0.228515625 0.150390625 0.1611328125
3 0.189453125 0.5 0.126953125 0.142578125
1 0.90234375 0.7685546875 0.0908203125 0.0986328125
3 0.666015625 0.0693359375 0.1533203125 0.138671875
1 0.9658203125 0.8486328125 0.068359375 0.091796875
3 0.1923828125 0.302734375 0.1533203125 0.173828125
3 0.142578125 0.048828125 0.166015625 0.0966796875
3 0.5087890625 0.623046875 0.0966796875 0.0986328125
1 0.763671875 0.626953125 0.0966796875 0.0986328125
3 0.232421875 0.81640625 0.1455078125 0.158203125
1 0.806640625 0.5380859375 0.150390625 0.1591796875
3 0.076171875 0.0869140625 0.1513671875 0.162109375
3 0.3857421875 0.3876953125 0.150390625 0.15625
1 0.7373046875 0.720703125 0.083984375 0.095703125
3 0.330078125 0.76171875 0.1435546875 0.162109375
3 0.1484375 0.8662109375 0.140625 0.15625
3 0.03125 0.609375 0.0625 0.130859375
1 0.892578125 0.962890625 0.1748046875 0.0732421875
2 0.3251953125 0.9677734375 0.185546875 0.0625
3 0.0380859375 0.431640625 0.076171875 0.1376953125
3 0.439453125 0.71875 0.1767578125 0.193359375
1 0.7490234375 0.96484375 0.0830078125 0.0703125
3 0.4677734375 0.3154296875 0.1484375 0.154296875
3 0.916015625 0.3876953125 0.0888671875 0.0830078125
1 0.9755859375 0.76953125 0.048828125 0.087890625
3 0.5009765625 0.0205078125 0.126953125 0.041015625
3 0.7490234375 0.96484375 0.0830078125 0.0703125
1 0.9033203125 0.9658203125 0.072265625 0.0673828125
2 0.072265625 0.9189453125 0.1435546875 0.162109375
3 0.658203125 0.904296875 0.1328125 0.1298828125
3 0.23046875 0.0146484375 0.1298828125 0.0283203125
3 0.072265625 0.9189453125 0.14453125 0.162109375
2 0.3291015625 0.76171875 0.1435546875 0.1611328125
2 0.23046875 0.8173828125 0.146484375 0.1611328125
3 0.0341796875 0.33203125 0.068359375 0.1435546875
3 0.744140625 0.029296875 0.17578125 0.05859375
1 0.8681640625 0.9775390625 0.1171875 0.044921875
2 0.443359375 0.724609375 0.185546875 0.193359375
1 0.876953125 0.8369140625 0.083984375 0.0859375
1 0.7724609375 0.8466796875 0.0654296875 0.076171875
3 0.8759765625 0.8359375 0.083984375 0.083984375
2 0.658203125 0.90234375 0.134765625 0.130859375
1 0.658203125 0.9033203125 0.130859375 0.130859375
2 0.1474609375 0.8671875 0.142578125 0.1484375
3 0.978515625 0.3095703125 0.0419921875 0.1171875
3 0.7275390625 0.017578125 0.146484375 0.03515625
3 0.2568359375 0.533203125 0.037109375 0.044921875
3 0.111328125 0.01953125 0.1298828125 0.0390625
3 0.767578125 0.501953125 0.0625 0.078125
1 0.685546875 0.701171875 0.0595703125 0.0703125