3 0.16796875 0.6328125 0.154296875 0.162109375
3 0.3701171875 0.814453125 0.1435546875 0.1376953125
3 0.4228515625 0.294921875 0.1611328125 0.177734375
3 0.091796875 0.72265625 0.1826171875 0.185546875
3 0.5029296875 0.173828125 0.169921875 0.1591796875
1 0.24609375 0.5400390625 0.1533203125 0.150390625
3 0.4541015625 0.716796875 0.1767578125 0.181640625
3 0.271484375 0.9013671875 0.1796875 0.181640625
3 0.5400390625 0.0654296875 0.1669921875 0.130859375
2 0.9501953125 0.896484375 0.099609375 0.201171875
2 0.8759765625 0.9619140625 0.1826171875 0.076171875
3 0.15625 0.95703125 0.224609375 0.0859375
3 0.0341796875 0.8193359375 0.068359375 0.1669921875
3 0.66015625 0.4873046875 0.154296875 0.1611328125
3 0.0400390625 0.4638671875 0.080078125 0.158203125
3 0.591796875 0.8955078125 0.1767578125 0.177734375
3 0.8876953125 0.626953125 0.173828125 0.1611328125
2 0.2734375 0.0888671875 0.177734375 0.177734375
3 0.9169921875 0.1767578125 0.166015625 0.1923828125
3 0.8076171875 0.0869140625 0.1845703125 0.173828125
3 0.2734375 0.0888671875 0.181640625 0.177734375
3 0.3408203125 0.232421875 0.083984375 0.0888671875
3 0.080078125 0.328125 0.1328125 0.138671875
3 0.34765625 0.44140625 0.171875 0.166015625
2 0.5927734375 0.892578125 0.1767578125 0.177734375
3 0.041015625 0.9560546875 0.08203125 0.083984375
3 0.740234375 0.3740234375 0.1796875 0.189453125
3 0.173828125 0.498046875 0.0830078125 0.0810546875
3 0.5068359375 0.958984375 0.130859375 0.080078125
3 0.1845703125 0.2412109375 0.1640625 0.154296875
3 0.98046875 0.251953125 0.0390625 0.1328125
3 0.9423828125 0.537109375 0.115234375 0.203125
2 0.7158203125 0.7568359375 0.302734375 0.287109375
3 0.279296875 0.3798828125 0.1298828125 0.138671875
2 0.775390625 0.7080078125 0.169921875 0.1767578125
3 0.3603515625 0.025390625 0.162109375 0.05078125
3 0.6044921875 0.5908203125 0.1220703125 0.1201171875
3 0.568359375 0.6201171875 0.2314453125 0.2236328125
3 0.3740234375 0.98046875 0.099609375 0.0390625
3 0.1083984375 0.9755859375 0.15625 0.048828125
3 0.1201171875 0.375 0.111328125 0.107421875
3 0.57421875 0.4765625 0.060546875 0.0595703125
1 0.916015625 0.17578125 0.1669921875 0.189453125
2 0.0205078125 0.056640625 0.041015625 0.11328125
3 0.861328125 0.388671875 0.0830078125 0.087890625
1 0.8056640625 0.08203125 0.189453125 0.1640625
3 0.7734375 0.705078125 0.171875 0.1767578125
3 0.1669921875 0.39453125 0.0517578125 0.0517578125
3 0.109375 0.5751953125 0.1123046875 0.1064453125
3 0.9072265625 0.01171875 0.125 0.0234375
2 0.7568359375 0.9287109375 0.1796875 0.142578125
3 0.916015625 0.021484375 0.1591796875 0.0419921875
0 0.716796875 0.74609375 0.2998046875 0.318359375