1 0.4990234375 0.9453125 0.1435546875 0.107421875
3 0.947265625 0.767578125 0.1044921875 0.1298828125
1 0.4248046875 0.353515625 0.140625 0.162109375
1 0.0498046875 0.052734375 0.0986328125 0.1044921875
3 0.61328125 0.490234375 0.0810546875 0.076171875
1 0.732421875 0.595703125 0.1142578125 0.1064453125
3 0.482421875 0.4541015625 0.150390625 0.1513671875
1 0.072265625 0.1943359375 0.1201171875 0.1142578125
1 0.3076171875 0.251953125 0.177734375 0.1875
3 0.1943359375 0.197265625 0.09375 0.0908203125
1 0.1357421875 0.775390625 0.0673828125 0.0625
1 0.640625 0.548828125 0.0966796875 0.095703125
3 0.1865234375 0.0693359375 0.0625 0.0625
1 0.232421875 0.025390625 0.087890625 0.0498046875
1 0.9736328125 0.7158203125 0.0517578125 0.0830078125
1 0.37109375 0.3076171875 0.078125 0.0859375