3 0.671875 0.9423828125 0.123046875 0.1064453125
3 0.37109375 0.7744140625 0.107421875 0.1142578125
3 0.146484375 0.8427734375 0.1123046875 0.1123046875
3 0.0888671875 0.671875 0.0888671875 0.0986328125
1 0.3291015625 0.9501953125 0.1171875 0.0986328125
3 0.5009765625 0.1875 0.0966796875 0.109375
3 0.6865234375 0.78515625 0.140625 0.142578125
1 0.642578125 0.244140625 0.0908203125 0.119140625
3 0.572265625 0.5107421875 0.0830078125 0.126953125
1 0.095703125 0.4677734375 0.1435546875 0.1298828125
3 0.357421875 0.0673828125 0.15625 0.134765625
3 0.0205078125 0.4833984375 0.041015625 0.068359375
3 0.095703125 0.470703125 0.1376953125 0.1220703125
3 0.103515625 0.2626953125 0.150390625 0.1689453125
1 0.109375 0.2626953125 0.138671875 0.169921875
1 0.3583984375 0.068359375 0.158203125 0.1357421875
3 0.224609375 0.9794921875 0.107421875 0.041015625
1 0.224609375 0.9794921875 0.111328125 0.041015625
1 0.68359375 0.7822265625 0.1455078125 0.1455078125
3 0.630859375 0.462890625 0.0390625 0.046875
1 0.0107421875 0.798828125 0.021484375 0.1220703125