3 0.42578125 0.326171875 0.1171875 0.1171875
3 0.810546875 0.216796875 0.1279296875 0.1484375
3 0.294921875 0.6064453125 0.119140625 0.1220703125
3 0.671875 0.1005859375 0.115234375 0.107421875
3 0.6123046875 0.251953125 0.125 0.140625
3 0.51953125 0.2822265625 0.126953125 0.1533203125
3 0.33203125 0.357421875 0.1279296875 0.1533203125
3 0.76953125 0.0703125 0.1171875 0.109375
3 0.142578125 0.384765625 0.1171875 0.138671875
3 0.908203125 0.177734375 0.1376953125 0.150390625
3 0.71484375 0.6240234375 0.125 0.142578125
3 0.576171875 0.513671875 0.119140625 0.125
3 0.091796875 0.25 0.1298828125 0.1201171875
3 0.779296875 0.46484375 0.0908203125 0.09375
3 0.2109375 0.630859375 0.0966796875 0.1376953125
3 0.908203125 0.572265625 0.123046875 0.134765625
3 0.234375 0.3662109375 0.1220703125 0.140625
3 0.7080078125 0.228515625 0.1298828125 0.1484375
3 0.388671875 0.5791015625 0.125 0.140625
3 0.48046875 0.1572265625 0.119140625 0.107421875
3 0.208984375 0.224609375 0.103515625 0.119140625
3 0.255859375 0.7607421875 0.111328125 0.1328125
3 0.9599609375 0.037109375 0.080078125 0.072265625
3 0.810546875 0.6025390625 0.126953125 0.125
3 0.2802734375 0.2021484375 0.0966796875 0.109375
2 0.9501953125 0.81640625 0.099609375 0.2421875
3 0.4853515625 0.544921875 0.115234375 0.1171875
3 0.865234375 0.4443359375 0.1220703125 0.1279296875
3 0.068359375 0.8955078125 0.0986328125 0.087890625
3 0.388671875 0.169921875 0.078125 0.1064453125
3 0.5927734375 0.654296875 0.078125 0.1279296875
2 0.6689453125 0.888671875 0.3203125 0.2216796875
3 0.9814453125 0.1748046875 0.037109375 0.091796875
3 0.583984375 0.1103515625 0.0888671875 0.0859375
3 0.5263671875 0.69140625 0.1171875 0.1044921875
3 0.0341796875 0.7109375 0.0673828125 0.1123046875
3 0.9501953125 0.4189453125 0.099609375 0.150390625
3 0.0517578125 0.810546875 0.091796875 0.111328125
3 0.9677734375 0.544921875 0.064453125 0.158203125
3 0.3564453125 0.951171875 0.1298828125 0.0966796875
3 0.876953125 0.0498046875 0.111328125 0.099609375
3 0.431640625 0.720703125 0.1171875 0.115234375
3 0.654296875 0.494140625 0.0751953125 0.095703125
3 0.095703125 0.9716796875 0.1201171875 0.056640625
3 0.3447265625 0.7490234375 0.0966796875 0.1015625
3 0.7001953125 0.478515625 0.0595703125 0.0703125
3 0.951171875 0.482421875 0.0966796875 0.298828125
3 0.6767578125 0.5029296875 0.125 0.130859375
1 0.701171875 0.4794921875 0.0595703125 0.0703125
3 0.017578125 0.6005859375 0.03515625 0.099609375
3 0.0205078125 0.5068359375 0.041015625 0.099609375
1 0.0791015625 0.96875 0.158203125 0.060546875
3 0.021484375 0.5517578125 0.04296875 0.189453125
3 0.6474609375 0.669921875 0.0625 0.0810546875
3 0.40625 0.2626953125 0.046875 0.046875
1 0.3447265625 0.7490234375 0.091796875 0.0986328125
3 0.458984375 0.984375 0.1123046875 0.029296875