1 0.451171875 0.6162109375 0.0966796875 0.0986328125
1 0.5166015625 0.7900390625 0.1064453125 0.1044921875
3 0.453125 0.857421875 0.119140625 0.1171875
3 0.3955078125 0.9091796875 0.1064453125 0.103515625
3 0.8798828125 0.166015625 0.111328125 0.1123046875
1 0.564453125 0.716796875 0.109375 0.1064453125
1 0.041015625 0.892578125 0.0810546875 0.123046875
1 0.90234375 0.044921875 0.1044921875 0.0751953125
3 0.888671875 0.6875 0.119140625 0.1123046875
1 0.6875 0.6162109375 0.1298828125 0.1298828125
3 0.9599609375 0.2998046875 0.080078125 0.0966796875
3 0.9609375 0.564453125 0.076171875 0.1455078125
3 0.8583984375 0.43359375 0.1220703125 0.1220703125
1 0.216796875 0.7666015625 0.134765625 0.1298828125
3 0.3212890625 0.7314453125 0.103515625 0.099609375
3 0.517578125 0.560546875 0.1015625 0.095703125
1 0.1689453125 0.357421875 0.1220703125 0.1171875
2 0.654296875 0.892578125 0.1064453125 0.109375
3 0.6494140625 0.1328125 0.0908203125 0.0703125
3 0.5712890625 0.49609375 0.1123046875 0.109375
1 0.8046875 0.490234375 0.1298828125 0.1142578125
1 0.7578125 0.8037109375 0.1201171875 0.1142578125
3 0.6201171875 0.6806640625 0.1123046875 0.109375
3 0.9287109375 0.615234375 0.125 0.123046875
3 0.21875 0.5322265625 0.1171875 0.1201171875
3 0.3720703125 0.275390625 0.1220703125 0.1328125
3 0.673828125 0.232421875 0.173828125 0.154296875
3 0.6220703125 0.439453125 0.0859375 0.0859375
3 0.3984375 0.6708984375 0.095703125 0.091796875
1 0.26953125 0.0654296875 0.1513671875 0.130859375
3 0.650390625 0.0625 0.0966796875 0.0751953125
3 0.3212890625 0.400390625 0.1220703125 0.1220703125
1 0.052734375 0.3466796875 0.1044921875 0.119140625
1 0.677734375 0.369140625 0.1455078125 0.1357421875
3 0.6767578125 0.3642578125 0.1455078125 0.123046875
1 0.673828125 0.236328125 0.171875 0.150390625
1 0.123046875 0.705078125 0.130859375 0.142578125
1 0.388671875 0.1728515625 0.091796875 0.09375
1 0.322265625 0.400390625 0.123046875 0.1201171875
3 0.9638671875 0.072265625 0.0703125 0.126953125
1 0.220703125 0.53125 0.119140625 0.126953125
2 0.830078125 0.9814453125 0.125 0.037109375
1 0.306640625 0.4677734375 0.158203125 0.1533203125
1 0.919921875 0.9013671875 0.0966796875 0.0888671875
1 0.4169921875 0.0625 0.1064453125 0.125
1 0.62109375 0.4384765625 0.0888671875 0.0859375
1 0.2646484375 0.0791015625 0.080078125 0.103515625
1 0.623046875 0.0546875 0.1611328125 0.1064453125
2 0.052734375 0.3466796875 0.10546875 0.119140625
0 0.41015625 0.107421875 0.138671875 0.212890625