3 0.701171875 0.638671875 0.125 0.125
3 0.826171875 0.748046875 0.1513671875 0.1298828125
3 0.478515625 0.9365234375 0.1376953125 0.126953125
3 0.046875 0.4775390625 0.09375 0.1171875
3 0.9453125 0.591796875 0.109375 0.109375
3 0.8193359375 0.501953125 0.1533203125 0.146484375
3 0.787109375 0.818359375 0.1142578125 0.109375
3 0.306640625 0.1005859375 0.138671875 0.134765625
3 0.6884765625 0.28125 0.1298828125 0.119140625
3 0.6748046875 0.0576171875 0.134765625 0.115234375
3 0.4111328125 0.623046875 0.1513671875 0.1484375
3 0.6748046875 0.9541015625 0.125 0.0908203125
3 0.6162109375 0.111328125 0.1279296875 0.126953125
3 0.0791015625 0.1484375 0.138671875 0.130859375
3 0.2109375 0.6005859375 0.109375 0.111328125
3 0.5390625 0.8662109375 0.134765625 0.130859375
3 0.7529296875 0.5703125 0.1201171875 0.1123046875
3 0.150390625 0.3134765625 0.123046875 0.1298828125
3 0.64453125 0.716796875 0.125 0.1201171875
3 0.927734375 0.349609375 0.1220703125 0.123046875
3 0.564453125 0.1708984375 0.125 0.123046875
3 0.736328125 0.892578125 0.1123046875 0.1123046875
3 0.9697265625 0.52734375 0.060546875 0.119140625
3 0.09765625 0.396484375 0.111328125 0.1064453125
3 0.4052734375 0.9638671875 0.1640625 0.072265625
3 0.6376953125 0.365234375 0.1201171875 0.109375
3 0.5751953125 0.419921875 0.1220703125 0.126953125
3 0.2802734375 0.7919921875 0.1376953125 0.1328125
3 0.150390625 0.0712890625 0.154296875 0.142578125
3 0.896484375 0.6669921875 0.0908203125 0.083984375
3 0.501953125 0.2470703125 0.125 0.119140625
3 0.580078125 0.755859375 0.091796875 0.0888671875
3 0.0341796875 0.2041015625 0.068359375 0.1142578125
3 0.962890625 0.2939453125 0.0732421875 0.125
3 0.26953125 0.1845703125 0.119140625 0.1220703125
3 0.3974609375 0.384765625 0.0986328125 0.103515625
3 0.98046875 0.8818359375 0.0390625 0.107421875
3 0.0654296875 0.8251953125 0.130859375 0.1484375
3 0.3203125 0.447265625 0.095703125 0.095703125
1 0.361328125 0.7314453125 0.1064453125 0.107421875
3 0.9521484375 0.9423828125 0.095703125 0.1142578125
3 0.984375 0.189453125 0.03125 0.115234375
3 0.3837890625 0.0419921875 0.1201171875 0.083984375
3 0.12890625 0.724609375 0.1982421875 0.2001953125
3 0.4560546875 0.310546875 0.123046875 0.126953125
3 0.896484375 0.392578125 0.193359375 0.212890625
3 0.8505859375 0.060546875 0.150390625 0.1201171875
3 0.119140625 0.9775390625 0.0986328125 0.044921875
3 0.494140625 0.517578125 0.1875 0.208984375
3 0.2080078125 0.8984375 0.181640625 0.1953125
3 0.744140625 0.0224609375 0.134765625 0.0439453125
3 0.7001953125 0.822265625 0.068359375 0.0654296875
3 0.1796875 0.9384765625 0.109375 0.103515625
3 0.2275390625 0.865234375 0.130859375 0.125
3 0.2783203125 0.509765625 0.1064453125 0.1064453125
3 0.173828125 0.8408203125 0.0546875 0.0546875
3 0.9306640625 0.076171875 0.0908203125 0.0830078125
3 0.697265625 0.197265625 0.0654296875 0.0673828125
3 0.154296875 0.693359375 0.134765625 0.1279296875
3 0.6611328125 0.8642578125 0.0546875 0.0595703125
3 0.228515625 0.248046875 0.083984375 0.0859375
3 0.0166015625 0.8896484375 0.033203125 0.1533203125
3 0.017578125 0.548828125 0.0341796875 0.123046875
3 0.5166015625 0.4853515625 0.1357421875 0.1376953125
3 0.904296875 0.9814453125 0.1123046875 0.037109375
3 0.8212890625 0.1484375 0.0908203125 0.0908203125
3 0.865234375 0.4169921875 0.119140625 0.126953125
3 0.767578125 0.1630859375 0.205078125 0.2109375
3 0.6826171875 0.8408203125 0.1015625 0.103515625
3 0.8466796875 0.029296875 0.0986328125 0.0576171875
3 0.310546875 0.6923828125 0.09375 0.103515625
3 0.48046875 0.28125 0.181640625 0.1923828125
3 0.0517578125 0.3447265625 0.0966796875 0.107421875
3 0.603515625 0.990234375 0.0908203125 0.0185546875
3 0.435546875 0.0185546875 0.1064453125 0.037109375
3 0.201171875 0.224609375 0.1455078125 0.140625
1 0.259765625 0.646484375 0.083984375 0.09375
3 0.2041015625 0.0380859375 0.1796875 0.076171875
3 0.7998046875 0.6376953125 0.0439453125 0.046875
1 0.025390625 0.3115234375 0.05078125 0.123046875