3 0.7177734375 0.44140625 0.1640625 0.1669921875
3 0.6923828125 0.251953125 0.1376953125 0.1533203125
3 0.080078125 0.2578125 0.16015625 0.140625
3 0.841796875 0.1328125 0.140625 0.138671875
3 0.4892578125 0.927734375 0.1328125 0.1435546875
3 0.1640625 0.6357421875 0.123046875 0.1328125
3 0.615234375 0.30859375 0.1279296875 0.134765625
3 0.5576171875 0.876953125 0.140625 0.15625
3 0.294921875 0.521484375 0.126953125 0.1376953125
3 0.0927734375 0.4140625 0.1357421875 0.130859375
3 0.0595703125 0.1689453125 0.119140625 0.1279296875
3 0.4599609375 0.142578125 0.1376953125 0.1279296875
3 0.4150390625 0.060546875 0.142578125 0.12109375
3 0.0419921875 0.07421875 0.083984375 0.1279296875
3 0.0390625 0.462890625 0.078125 0.1298828125
3 0.912109375 0.0849609375 0.142578125 0.1533203125
3 0.298828125 0.140625 0.140625 0.123046875
3 0.1796875 0.365234375 0.1328125 0.130859375
3 0.767578125 0.1962890625 0.142578125 0.1513671875
3 0.416015625 0.6748046875 0.119140625 0.1201171875
3 0.4775390625 0.4404296875 0.1484375 0.1748046875
3 0.25390625 0.0625 0.1279296875 0.1220703125
3 0.353515625 0.2275390625 0.1220703125 0.1142578125
3 0.349609375 0.583984375 0.1015625 0.09375
3 0.134765625 0.8798828125 0.1298828125 0.1357421875
3 0.5771484375 0.57421875 0.1142578125 0.1201171875
3 0.638671875 0.501953125 0.1357421875 0.142578125
3 0.802734375 0.3974609375 0.119140625 0.1142578125
3 0.9365234375 0.279296875 0.126953125 0.138671875
3 0.341796875 0.7216796875 0.138671875 0.1376953125
3 0.76953125 0.693359375 0.119140625 0.1328125
3 0.7041015625 0.7470703125 0.140625 0.146484375
3 0.4091796875 0.9521484375 0.126953125 0.09375
3 0.23828125 0.58984375 0.134765625 0.142578125
3 0.0927734375 0.6826171875 0.125 0.1201171875
3 0.212890625 0.8408203125 0.1220703125 0.119140625
3 0.630859375 0.966796875 0.15625 0.0654296875
1 0.267578125 0.771484375 0.140625 0.1455078125
3 0.6279296875 0.03125 0.1298828125 0.0625
3 0.869140625 0.337890625 0.1376953125 0.142578125
3 0.544921875 0.365234375 0.154296875 0.1748046875
3 0.837890625 0.638671875 0.0703125 0.080078125
3 0.337890625 0.9814453125 0.1142578125 0.037109375
3 0.9072265625 0.583984375 0.15625 0.142578125
3 0.375 0.6240234375 0.080078125 0.0751953125
3 0.9609375 0.0478515625 0.078125 0.09375
3 0.0595703125 0.912109375 0.103515625 0.0986328125
3 0.96875 0.5234375 0.060546875 0.1455078125
3 0.970703125 0.220703125 0.056640625 0.1513671875
3 0.0400390625 0.720703125 0.078125 0.1142578125
3 0.029296875 0.017578125 0.0576171875 0.033203125
3 0.224609375 0.0126953125 0.1279296875 0.025390625
3 0.0126953125 0.7939453125 0.0234375 0.115234375
3 0.552734375 0.5146484375 0.0517578125 0.046875
3 0.798828125 0.8662109375 0.0419921875 0.041015625
3 0.390625 0.013671875 0.12109375 0.02734375
3 0.68359375 0.71875 0.095703125 0.0888671875
3 0.755859375 0.0146484375 0.0986328125 0.029296875
3 0.029296875 0.810546875 0.0576171875 0.150390625
3 0.267578125 0.76953125 0.138671875 0.142578125
3 0.7392578125 0.876953125 0.056640625 0.0546875
3 0.236328125 0.74609375 0.078125 0.0810546875
3 0.916015625 0.25 0.0830078125 0.068359375
3 0.005859375 0.5263671875 0.01171875 0.126953125
3 0.8916015625 0.40625 0.0673828125 0.0576171875