3 0.451171875 0.8720703125 0.1328125 0.1328125
3 0.201171875 0.9150390625 0.1142578125 0.109375
3 0.0791015625 0.810546875 0.130859375 0.1298828125
3 0.056640625 0.9462890625 0.1123046875 0.1064453125
3 0.353515625 0.732421875 0.1357421875 0.1279296875
3 0.2705078125 0.6826171875 0.1279296875 0.1376953125
3 0.4033203125 0.611328125 0.126953125 0.1171875
3 0.943359375 0.1142578125 0.1123046875 0.142578125
3 0.5048828125 0.939453125 0.125 0.119140625
3 0.44921875 0.529296875 0.125 0.1298828125
3 0.1513671875 0.8623046875 0.1123046875 0.111328125
3 0.6787109375 0.7060546875 0.099609375 0.0986328125
3 0.8466796875 0.5576171875 0.1015625 0.1064453125
3 0.71875 0.447265625 0.1142578125 0.130859375
3 0.384765625 0.806640625 0.123046875 0.115234375
3 0.908203125 0.353515625 0.123046875 0.1298828125
3 0.2470703125 0.9638671875 0.1455078125 0.072265625
3 0.9609375 0.400390625 0.078125 0.1142578125
3 0.208984375 0.611328125 0.134765625 0.1279296875
3 0.6376953125 0.416015625 0.1044921875 0.1064453125
1 0.6435546875 0.9130859375 0.0830078125 0.0986328125
3 0.818359375 0.7880859375 0.1142578125 0.1220703125
3 0.9814453125 0.1591796875 0.037109375 0.146484375
3 0.9248046875 0.5732421875 0.125 0.171875
3 0.8876953125 0.837890625 0.1376953125 0.171875
1 0.6162109375 0.6630859375 0.1015625 0.1015625
3 0.7802734375 0.517578125 0.1015625 0.103515625
3 0.759765625 0.2626953125 0.1142578125 0.119140625
3 0.8740234375 0.0771484375 0.109375 0.1064453125
3 0.7373046875 0.76953125 0.1298828125 0.1611328125
3 0.8251953125 0.037109375 0.130859375 0.07421875
3 0.1123046875 0.1845703125 0.1640625 0.138671875
3 0.025390625 0.6923828125 0.05078125 0.138671875
3 0.57421875 0.34765625 0.158203125 0.173828125
3 0.833984375 0.310546875 0.1298828125 0.142578125
1 0.6982421875 0.2060546875 0.1279296875 0.1376953125
3 0.9658203125 0.625 0.068359375 0.1591796875
3 0.564453125 0.9697265625 0.12109375 0.060546875
3 0.5400390625 0.611328125 0.099609375 0.0986328125
3 0.263671875 0.3583984375 0.0908203125 0.09375
3 0.16015625 0.134765625 0.1279296875 0.1220703125
3 0.3681640625 0.072265625 0.0986328125 0.1015625
3 0.98828125 0.029296875 0.0234375 0.05859375
3 0.4208984375 0.037109375 0.138671875 0.07421875
1 0.9677734375 0.869140625 0.0625 0.095703125
3 0.798828125 0.9287109375 0.1376953125 0.1376953125
1 0.017578125 0.3701171875 0.03515625 0.064453125
3 0.6689453125 0.84375 0.0595703125 0.0595703125
1 0.564453125 0.7294921875 0.1123046875 0.1142578125
3 0.52734375 0.7919921875 0.0859375 0.0830078125
1 0.9462890625 0.8916015625 0.107421875 0.1484375
3 0.51171875 0.1015625 0.185546875 0.193359375
1 0.154296875 0.033203125 0.1142578125 0.0654296875
3 0.15625 0.0283203125 0.1201171875 0.056640625
3 0.2939453125 0.234375 0.0966796875 0.0908203125
3 0.9677734375 0.8701171875 0.0625 0.09375
3 0.2919921875 0.9921875 0.154296875 0.013671875
3 0.986328125 0.728515625 0.025390625 0.083984375
1 0.1640625 0.134765625 0.1220703125 0.1220703125
3 0.5654296875 0.7294921875 0.1142578125 0.1142578125
1 0.525390625 0.7939453125 0.0908203125 0.087890625
1 0.5751953125 0.3447265625 0.1640625 0.1767578125