3 0.109375 0.6181640625 0.1357421875 0.1171875
3 0.3359375 0.841796875 0.1044921875 0.1044921875
1 0.4873046875 0.4375 0.083984375 0.0859375
3 0.0615234375 0.5244140625 0.123046875 0.1376953125
3 0.1328125 0.251953125 0.107421875 0.103515625
3 0.7109375 0.79296875 0.123046875 0.125
3 0.3115234375 0.361328125 0.166015625 0.142578125
3 0.4462890625 0.9384765625 0.1298828125 0.1171875
3 0.4580078125 0.18359375 0.0751953125 0.091796875
3 0.865234375 0.8662109375 0.1357421875 0.1513671875
3 0.048828125 0.412109375 0.095703125 0.140625
3 0.677734375 0.1025390625 0.111328125 0.1171875
1 0.7333984375 0.3828125 0.091796875 0.109375
3 0.8330078125 0.4189453125 0.080078125 0.091796875
1 0.955078125 0.3017578125 0.0888671875 0.125
1 0.572265625 0.521484375 0.0986328125 0.1015625
3 0.4296875 0.52734375 0.1591796875 0.150390625
1 0.57421875 0.33203125 0.107421875 0.103515625
3 0.55859375 0.7373046875 0.123046875 0.1171875
1 0.908203125 0.755859375 0.0966796875 0.091796875
3 0.248046875 0.7587890625 0.1123046875 0.1142578125
3 0.126953125 0.7138671875 0.111328125 0.119140625
3 0.5029296875 0.9619140625 0.138671875 0.076171875
3 0.423828125 0.30078125 0.0625 0.0751953125
1 0.865234375 0.265625 0.1201171875 0.1533203125
3 0.705078125 0.197265625 0.0625 0.0673828125
3 0.916015625 0.119140625 0.0673828125 0.0986328125
3 0.974609375 0.466796875 0.0498046875 0.1123046875
1 0.748046875 0.513671875 0.0703125 0.0703125
1 0.404296875 0.890625 0.1044921875 0.0966796875
3 0.830078125 0.083984375 0.1171875 0.1376953125
3 0.1064453125 0.041015625 0.125 0.080078125
3 0.044921875 0.150390625 0.0751953125 0.0595703125
1 0.8544921875 0.6611328125 0.1171875 0.115234375
1 0.595703125 0.173828125 0.095703125 0.0908203125
3 0.3779296875 0.474609375 0.189453125 0.1669921875
3 0.7724609375 0.6083984375 0.0908203125 0.09375
1 0.283203125 0.2119140625 0.1435546875 0.125
3 0.6416015625 0.53125 0.0732421875 0.095703125
3 0.9443359375 0.974609375 0.1044921875 0.0498046875
1 0.1064453125 0.041015625 0.126953125 0.08203125
3 0.017578125 0.68359375 0.03515625 0.09375
1 0.779296875 0.412109375 0.056640625 0.078125
3 0.5732421875 0.990234375 0.107421875 0.017578125
3 0.662109375 0.5478515625 0.1171875 0.126953125
3 0.345703125 0.474609375 0.123046875 0.1142578125
3 0.4521484375 0.619140625 0.091796875 0.0859375
1 0.962890625 0.671875 0.044921875 0.0498046875
1 0.830078125 0.0830078125 0.1171875 0.1376953125
3 0.296875 0.2080078125 0.111328125 0.107421875
1 0.9716796875 0.072265625 0.0546875 0.103515625