3 0.724609375 0.818359375 0.1767578125 0.166015625
3 0.71484375 0.6064453125 0.189453125 0.1748046875
3 0.427734375 0.6494140625 0.1533203125 0.1982421875
3 0.916015625 0.583984375 0.166015625 0.134765625
3 0.7255859375 0.138671875 0.0546875 0.056640625
3 0.416015625 0.4619140625 0.171875 0.1875
3 0.828125 0.3232421875 0.119140625 0.1123046875
3 0.396484375 0.9697265625 0.15625 0.060546875
3 0.6123046875 0.060546875 0.087890625 0.083984375
1 0.412109375 0.4609375 0.173828125 0.1826171875
2 0.142578125 0.4326171875 0.248046875 0.21875
3 0.1162109375 0.962890625 0.201171875 0.0732421875
3 0.732421875 0.32421875 0.0859375 0.1376953125
3 0.9482421875 0.3095703125 0.103515625 0.134765625
3 0.5908203125 0.2802734375 0.1953125 0.1982421875
3 0.9580078125 0.736328125 0.064453125 0.044921875
1 0.8095703125 0.056640625 0.125 0.111328125
3 0.5791015625 0.0693359375 0.1640625 0.134765625
1 0.9150390625 0.8251953125 0.169921875 0.125
3 0.40234375 0.8515625 0.1796875 0.185546875
3 0.1572265625 0.6328125 0.2080078125 0.1904296875
3 0.828125 0.22265625 0.0625 0.0703125
1 0.953125 0.6708984375 0.072265625 0.0654296875
1 0.916015625 0.583984375 0.1669921875 0.1357421875
3 0.732421875 0.009765625 0.0888671875 0.0185546875
0 0.24609375 0.21875 0.3076171875 0.3720703125
1 0.396484375 0.83203125 0.1982421875 0.158203125
0 0.2041015625 0.17578125 0.2080078125 0.2607421875
3 0.6396484375 0.3046875 0.1015625 0.1328125
1 0.35546875 0.265625 0.0625 0.064453125
1 0.130859375 0.833984375 0.2158203125 0.2080078125
1 0.1767578125 0.826171875 0.115234375 0.1767578125
3 0.0166015625 0.826171875 0.033203125 0.1513671875
3 0.083984375 0.802734375 0.1123046875 0.1435546875
3 0.1396484375 0.431640625 0.248046875 0.2236328125
3 0.5419921875 0.314453125 0.0966796875 0.123046875
3 0.939453125 0.2158203125 0.1201171875 0.0859375
3 0.80859375 0.0576171875 0.125 0.1123046875
1 0.830078125 0.22265625 0.0673828125 0.0703125
3 0.1318359375 0.833984375 0.220703125 0.2080078125
1 0.083984375 0.8017578125 0.1123046875 0.1435546875