1 0.4931640625 0.04296875 0.103515625 0.0859375
1 0.568359375 0.5546875 0.0703125 0.083984375
3 0.408203125 0.8486328125 0.126953125 0.1376953125
1 0.5029296875 0.447265625 0.107421875 0.1044921875
1 0.595703125 0.2568359375 0.1376953125 0.111328125
3 0.3779296875 0.1962890625 0.099609375 0.123046875
3 0.384765625 0.0615234375 0.083984375 0.123046875
3 0.560546875 0.9765625 0.103515625 0.046875
3 0.908203125 0.064453125 0.1044921875 0.1064453125
1 0.849609375 0.755859375 0.1220703125 0.1123046875
1 0.908203125 0.0654296875 0.0986328125 0.1044921875
1 0.607421875 0.033203125 0.1279296875 0.0654296875
1 0.62890625 0.248046875 0.208984375 0.1513671875
1 0.802734375 0.015625 0.103515625 0.03125
3 0.6103515625 0.033203125 0.119140625 0.06640625
1 0.5595703125 0.2783203125 0.2080078125 0.150390625
1 0.82421875 0.0380859375 0.146484375 0.076171875