1 0.083984375 0.232421875 0.0908203125 0.099609375
1 0.177734375 0.5693359375 0.1484375 0.193359375
1 0.6787109375 0.029296875 0.060546875 0.05859375
3 0.2470703125 0.23828125 0.0751953125 0.078125
1 0.0615234375 0.599609375 0.1123046875 0.1171875
1 0.1318359375 0.4287109375 0.123046875 0.119140625
1 0.060546875 0.7490234375 0.091796875 0.1298828125
3 0.5400390625 0.275390625 0.0732421875 0.115234375
3 0.669921875 0.103515625 0.0751953125 0.0751953125
3 0.7998046875 0.0693359375 0.1064453125 0.1376953125
3 0.130859375 0.431640625 0.1201171875 0.1142578125
3 0.28125 0.5693359375 0.111328125 0.1484375
1 0.615234375 0.275390625 0.0859375 0.078125
1 0.267578125 0.087890625 0.1123046875 0.1064453125
1 0.1806640625 0.0283203125 0.0908203125 0.056640625
1 0.689453125 0.1796875 0.0830078125 0.0859375
3 0.1796875 0.02734375 0.0908203125 0.0546875
1 0.154296875 0.251953125 0.068359375 0.154296875
3 0.267578125 0.3388671875 0.1220703125 0.154296875
1 0.0185546875 0.0224609375 0.037109375 0.044921875
3 0.6142578125 0.2744140625 0.083984375 0.080078125
3 0.263671875 0.091796875 0.1064453125 0.099609375
3 0.0830078125 0.0869140625 0.09375 0.091796875
3 0.689453125 0.1796875 0.083984375 0.087890625
3 0.4921875 0.08984375 0.0908203125 0.091796875
1 0.833984375 0.1982421875 0.0654296875 0.087890625
3 0.1611328125 0.5283203125 0.107421875 0.109375
3 0.017578125 0.0224609375 0.03515625 0.044921875
1 0.5048828125 0.1064453125 0.1171875 0.1220703125
1 0.9462890625 0.658203125 0.0908203125 0.111328125
1 0.0830078125 0.087890625 0.0966796875 0.09375
1 0.7197265625 0.267578125 0.111328125 0.1142578125
3 0.548828125 0.0478515625 0.1279296875 0.095703125
1 0.798828125 0.068359375 0.1044921875 0.134765625