1 0.640625 0.4013671875 0.115234375 0.115234375
2 0.7177734375 0.263671875 0.0908203125 0.1044921875
2 0.845703125 0.267578125 0.1142578125 0.115234375
2 0.8310546875 0.619140625 0.0908203125 0.087890625
1 0.1201171875 0.525390625 0.1357421875 0.1357421875
2 0.935546875 0.294921875 0.103515625 0.1064453125
2 0.787109375 0.48046875 0.103515625 0.103515625
2 0.9375 0.720703125 0.0888671875 0.0888671875
2 0.87109375 0.07421875 0.0986328125 0.0986328125
2 0.3681640625 0.26953125 0.09375 0.0966796875
2 0.951171875 0.6015625 0.0966796875 0.109375
2 0.814453125 0.0439453125 0.109375 0.087890625
2 0.775390625 0.732421875 0.2080078125 0.1611328125
2 0.8046875 0.8251953125 0.0830078125 0.0810546875
0 0.9072265625 0.158203125 0.181640625 0.1591796875
1 0.3974609375 0.845703125 0.125 0.1171875
2 0.3291015625 0.525390625 0.0888671875 0.087890625
2 0.818359375 0.9462890625 0.138671875 0.1064453125
3 0.4775390625 0.9140625 0.1015625 0.0986328125
2 0.951171875 0.44140625 0.095703125 0.107421875
2 0.263671875 0.26953125 0.0986328125 0.0908203125
3 0.3251953125 0.8701171875 0.0908203125 0.091796875
1 0.86328125 0.5283203125 0.0810546875 0.083984375
1 0.220703125 0.681640625 0.1015625 0.1044921875
2 0.6865234375 0.857421875 0.109375 0.103515625
3 0.498046875 0.685546875 0.1064453125 0.103515625
2 0.9853515625 0.3603515625 0.029296875 0.1171875
2 0.4765625 0.9130859375 0.099609375 0.0966796875
1 0.4814453125 0.369140625 0.1201171875 0.1171875
0 0.6416015625 0.400390625 0.1171875 0.1171875
2 0.8994140625 0.8369140625 0.1015625 0.0966796875
2 0.94921875 0.888671875 0.0732421875 0.080078125
2 0.6669921875 0.0673828125 0.1015625 0.103515625
3 0.900390625 0.8369140625 0.1015625 0.0966796875
2 0.98046875 0.6455078125 0.0390625 0.1142578125
0 0.8388671875 0.0625 0.166015625 0.125
2 0.6669921875 0.46484375 0.109375 0.099609375
1 0.4072265625 0.603515625 0.130859375 0.134765625
3 0.474609375 0.056640625 0.0888671875 0.091796875
3 0.6318359375 0.560546875 0.1044921875 0.1015625
1 0.583984375 0.75 0.1064453125 0.109375
2 0.220703125 0.681640625 0.099609375 0.1015625
3 0.8984375 0.564453125 0.107421875 0.1064453125
3 0.4267578125 0.9716796875 0.1279296875 0.056640625
1 0.580078125 0.60546875 0.099609375 0.103515625
2 0.5810546875 0.4990234375 0.080078125 0.080078125
3 0.345703125 0.673828125 0.0986328125 0.1015625
3 0.8193359375 0.9462890625 0.142578125 0.1064453125
3 0.58203125 0.8701171875 0.0986328125 0.1142578125
3 0.666015625 0.4658203125 0.109375 0.1015625
3 0.3583984375 0.953125 0.1015625 0.09375
0 0.935546875 0.921875 0.126953125 0.154296875
1 0.7119140625 0.62109375 0.0986328125 0.1064453125
2 0.9814453125 0.4921875 0.037109375 0.1357421875
3 0.330078125 0.525390625 0.087890625 0.0888671875
1 0.5205078125 0.8759765625 0.0673828125 0.0810546875
1 0.345703125 0.673828125 0.099609375 0.103515625
1 0.51953125 0.53515625 0.107421875 0.107421875
3 0.4306640625 0.7626953125 0.1142578125 0.109375
2 0.630859375 0.5595703125 0.1064453125 0.099609375
3 0.9482421875 0.9609375 0.099609375 0.078125
2 0.81640625 0.712890625 0.1201171875 0.107421875
1 0.9365234375 0.400390625 0.078125 0.0859375
2 0.388671875 0.349609375 0.0595703125 0.056640625
2 0.8525390625 0.3583984375 0.1123046875 0.111328125
3 0.5478515625 0.9794921875 0.1015625 0.041015625
3 0.984375 0.498046875 0.029296875 0.1171875
3 0.3974609375 0.947265625 0.185546875 0.103515625
2 0.9326171875 0.9228515625 0.134765625 0.154296875
3 0.853515625 0.3544921875 0.1064453125 0.111328125
2 0.8408203125 0.068359375 0.1669921875 0.1171875