1 0.4423828125 0.421875 0.126953125 0.125
3 0.482421875 0.8271484375 0.1015625 0.0986328125
3 0.6689453125 0.5556640625 0.076171875 0.0751953125
3 0.888671875 0.0771484375 0.1220703125 0.111328125
3 0.6435546875 0.3828125 0.0986328125 0.0966796875
1 0.755859375 0.486328125 0.068359375 0.072265625
3 0.455078125 0.1962890625 0.2138671875 0.234375
3 0.6005859375 0.8779296875 0.109375 0.1123046875
3 0.78125 0.2890625 0.1064453125 0.125
3 0.244140625 0.083984375 0.1357421875 0.1435546875
3 0.37890625 0.0224609375 0.123046875 0.044921875
3 0.98828125 0.689453125 0.0234375 0.1015625
3 0.6201171875 0.072265625 0.2578125 0.1435546875
1 0.814453125 0.73828125 0.0673828125 0.0732421875
1 0.4580078125 0.197265625 0.2138671875 0.232421875
1 0.9140625 0.8408203125 0.109375 0.126953125
1 0.9716796875 0.4375 0.0546875 0.1015625
3 0.5712890625 0.052734375 0.1328125 0.1044921875
1 0.814453125 0.7666015625 0.080078125 0.1279296875
1 0.6005859375 0.8779296875 0.111328125 0.115234375
1 0.9140625 0.8642578125 0.0859375 0.0859375
3 0.318359375 0.048828125 0.09375 0.095703125
1 0.029296875 0.9853515625 0.05859375 0.029296875