1 0.802734375 0.400390625 0.1298828125 0.134765625
3 0.2626953125 0.505859375 0.107421875 0.1015625
3 0.1376953125 0.3271484375 0.130859375 0.142578125
3 0.3173828125 0.189453125 0.0986328125 0.1123046875
3 0.533203125 0.275390625 0.130859375 0.140625
3 0.359375 0.44140625 0.0810546875 0.1142578125
3 0.51171875 0.7109375 0.068359375 0.0654296875
3 0.041015625 0.1982421875 0.08203125 0.107421875
3 0.119140625 0.146484375 0.1015625 0.1064453125
3 0.595703125 0.794921875 0.1064453125 0.111328125
1 0.470703125 0.873046875 0.1435546875 0.134765625
3 0.166015625 0.0341796875 0.1845703125 0.068359375
1 0.9599609375 0.705078125 0.080078125 0.1171875
3 0.376953125 0.056640625 0.0986328125 0.095703125
3 0.966796875 0.4404296875 0.064453125 0.1279296875
3 0.57421875 0.029296875 0.109375 0.05859375
3 0.9580078125 0.6044921875 0.083984375 0.078125
3 0.0234375 0.4443359375 0.046875 0.138671875
1 0.9580078125 0.60546875 0.083984375 0.076171875
3 0.666015625 0.458984375 0.044921875 0.056640625
3 0.37890625 0.455078125 0.123046875 0.1484375
3 0.638671875 0.3642578125 0.1142578125 0.115234375
1 0.916015625 0.5810546875 0.1669921875 0.1328125
3 0.46875 0.8759765625 0.142578125 0.1328125
1 0.771484375 0.5498046875 0.052734375 0.0595703125
3 0.6474609375 0.3251953125 0.1484375 0.1875
1 0.6796875 0.689453125 0.0673828125 0.0703125
1 0.6484375 0.3271484375 0.1513671875 0.1923828125
3 0.6904296875 0.59765625 0.0751953125 0.0859375
1 0.029296875 0.119140625 0.056640625 0.109375
3 0.9609375 0.705078125 0.078125 0.119140625
1 0.6806640625 0.634765625 0.203125 0.203125
3 0.01953125 0.42578125 0.0390625 0.0703125
3 0.583984375 0.0791015625 0.0751953125 0.056640625
1 0.404296875 0.0673828125 0.177734375 0.130859375
3 0.396484375 0.0654296875 0.146484375 0.130859375
3 0.748046875 0.322265625 0.09375 0.09375