3 0.630859375 0.595703125 0.1513671875 0.162109375
3 0.552734375 0.669921875 0.134765625 0.1279296875
3 0.3193359375 0.1943359375 0.1376953125 0.130859375
3 0.728515625 0.5439453125 0.1298828125 0.1376953125
3 0.919921875 0.0810546875 0.111328125 0.1201171875
3 0.58984375 0.0595703125 0.1328125 0.119140625
3 0.5400390625 0.228515625 0.119140625 0.119140625
3 0.4501953125 0.2841796875 0.125 0.126953125
3 0.7822265625 0.78515625 0.1328125 0.1279296875
3 0.818359375 0.94140625 0.126953125 0.115234375
3 0.6904296875 0.408203125 0.126953125 0.1298828125
3 0.826171875 0.4970703125 0.1376953125 0.1484375
3 0.345703125 0.921875 0.123046875 0.1298828125
3 0.513671875 0.5107421875 0.1357421875 0.1357421875
3 0.4794921875 0.74609375 0.1376953125 0.138671875
3 0.138671875 0.5634765625 0.1220703125 0.126953125
3 0.9208984375 0.876953125 0.138671875 0.146484375
3 0.0615234375 0.6494140625 0.1220703125 0.1513671875
3 0.236328125 0.25 0.1376953125 0.1357421875
3 0.4345703125 0.587890625 0.146484375 0.150390625
3 0.1220703125 0.056640625 0.126953125 0.11328125
3 0.1982421875 0.470703125 0.1376953125 0.140625
3 0.2177734375 0.8212890625 0.119140625 0.126953125
3 0.697265625 0.845703125 0.1435546875 0.140625
3 0.2744140625 0.408203125 0.146484375 0.142578125
3 0.791015625 0.3662109375 0.138671875 0.1513671875
3 0.380859375 0.328125 0.076171875 0.083984375
3 0.044921875 0.478515625 0.0888671875 0.140625
3 0.150390625 0.91796875 0.1279296875 0.123046875
3 0.6328125 0.9306640625 0.140625 0.138671875
3 0.087890625 0.958984375 0.146484375 0.0810546875
3 0.8720703125 0.740234375 0.1328125 0.134765625
3 0.291015625 0.748046875 0.142578125 0.1513671875
3 0.4970703125 0.0810546875 0.1298828125 0.119140625
3 0.2001953125 0.34765625 0.0830078125 0.083984375
3 0.7255859375 0.146484375 0.1142578125 0.107421875
3 0.9560546875 0.7060546875 0.087890625 0.1328125
3 0.3515625 0.6591796875 0.125 0.130859375
3 0.404296875 0.1416015625 0.1328125 0.150390625
3 0.0927734375 0.4013671875 0.1484375 0.154296875
3 0.599609375 0.458984375 0.1376953125 0.154296875
3 0.150390625 0.306640625 0.1220703125 0.123046875
3 0.884765625 0.3271484375 0.1142578125 0.111328125
3 0.052734375 0.1181640625 0.10546875 0.123046875
3 0.0283203125 0.732421875 0.056640625 0.1171875
3 0.5673828125 0.974609375 0.109375 0.0498046875
3 0.2841796875 0.98046875 0.1171875 0.0390625
3 0.345703125 0.3642578125 0.09375 0.099609375
3 0.6728515625 0.0302734375 0.1015625 0.060546875
3 0.212890625 0.0224609375 0.107421875 0.0439453125
3 0.4267578125 0.1142578125 0.0751953125 0.0810546875
3 0.455078125 0.212890625 0.041015625 0.041015625
3 0.958984375 0.3037109375 0.0625 0.068359375
3 0.9619140625 0.3720703125 0.076171875 0.232421875
3 0.9775390625 0.8369140625 0.044921875 0.115234375
3 0.365234375 0.6357421875 0.078125 0.0751953125
3 0.9345703125 0.46484375 0.1015625 0.1201171875
3 0.423828125 0.8203125 0.0859375 0.0908203125
3 0.71875 0.984375 0.107421875 0.03125
3 0.4267578125 0.8271484375 0.134765625 0.134765625
1 0.6728515625 0.0302734375 0.107421875 0.060546875
1 0.93359375 0.4619140625 0.1064453125 0.1279296875
3 0.283203125 0.71875 0.091796875 0.0888671875
2 0.052734375 0.1181640625 0.1044921875 0.125
3 0.6357421875 0.1865234375 0.123046875 0.109375
3 0.0068359375 0.580078125 0.013671875 0.1220703125
3 0.5810546875 0.431640625 0.09375 0.0703125