3 0.728515625 0.58984375 0.162109375 0.150390625
3 0.3115234375 0.7138671875 0.146484375 0.1328125
3 0.9306640625 0.8916015625 0.138671875 0.130859375
3 0.1435546875 0.515625 0.146484375 0.140625
3 0.701171875 0.9423828125 0.1279296875 0.1123046875
3 0.611328125 0.4560546875 0.1376953125 0.130859375
3 0.39453125 0.18359375 0.1455078125 0.1435546875
3 0.861328125 0.162109375 0.123046875 0.1220703125
3 0.595703125 0.8212890625 0.130859375 0.125
3 0.275390625 0.4052734375 0.1591796875 0.1513671875
3 0.056640625 0.369140625 0.1123046875 0.1484375
3 0.7802734375 0.6787109375 0.1611328125 0.1435546875
3 0.1865234375 0.919921875 0.1201171875 0.1171875
3 0.6748046875 0.2900390625 0.1376953125 0.138671875
3 0.4404296875 0.26171875 0.142578125 0.123046875
3 0.3251953125 0.478515625 0.166015625 0.1591796875
3 0.05859375 0.1162109375 0.115234375 0.162109375
3 0.9072265625 0.2333984375 0.1220703125 0.1201171875
3 0.5546875 0.3896484375 0.123046875 0.119140625
3 0.44921875 0.609375 0.099609375 0.09375
3 0.1416015625 0.84375 0.1279296875 0.1201171875
3 0.462890625 0.0458984375 0.1484375 0.0908203125
3 0.509765625 0.3193359375 0.1279296875 0.1171875
3 0.177734375 0.263671875 0.115234375 0.115234375
3 0.228515625 0.3291015625 0.1298828125 0.1220703125
3 0.236328125 0.9580078125 0.1611328125 0.083984375
3 0.458984375 0.9287109375 0.125 0.119140625
3 0.07421875 0.7822265625 0.1484375 0.138671875
3 0.361328125 0.791015625 0.1201171875 0.1142578125
3 0.8857421875 0.81640625 0.126953125 0.1220703125
3 0.7900390625 0.423828125 0.119140625 0.119140625
3 0.654296875 0.529296875 0.1123046875 0.1015625
3 0.5673828125 0.154296875 0.123046875 0.1171875
3 0.33984375 0.115234375 0.1484375 0.150390625
3 0.7197265625 0.369140625 0.1533203125 0.140625
3 0.3896484375 0.5322265625 0.09375 0.0908203125
3 0.04296875 0.9384765625 0.083984375 0.1220703125
3 0.193359375 0.5810546875 0.126953125 0.126953125
3 0.9482421875 0.296875 0.103515625 0.1376953125
3 0.8251953125 0.759765625 0.0966796875 0.095703125
3 0.1015625 0.4345703125 0.1484375 0.146484375
3 0.6591796875 0.8701171875 0.125 0.1171875
3 0.0478515625 0.705078125 0.09375 0.1142578125
3 0.244140625 0.654296875 0.1357421875 0.1328125
3 0.42578125 0.8505859375 0.150390625 0.1357421875
3 0.845703125 0.4814453125 0.125 0.115234375
3 0.9599609375 0.9404296875 0.078125 0.1171875
3 0.53125 0.072265625 0.115234375 0.109375
3 0.9384765625 0.021484375 0.123046875 0.04296875
3 0.9755859375 0.0546875 0.044921875 0.109375
3 0.5830078125 0.248046875 0.0986328125 0.0986328125
3 0.7705078125 0.0390625 0.1357421875 0.078125
3 0.759765625 0.9775390625 0.130859375 0.044921875
3 0.6455078125 0.216796875 0.1064453125 0.107421875
3 0.974609375 0.71484375 0.0498046875 0.1328125
3 0.826171875 0.076171875 0.1669921875 0.150390625
3 0.958984375 0.625 0.0810546875 0.1171875
3 0.5166015625 0.9619140625 0.146484375 0.076171875
3 0.025390625 0.0439453125 0.0498046875 0.0859375
3 0.9140625 0.5703125 0.126953125 0.111328125
3 0.0712890625 0.9755859375 0.130859375 0.046875
3 0.4951171875 0.681640625 0.1201171875 0.1279296875
3 0.92578125 0.669921875 0.091796875 0.09375
3 0.548828125 0.7431640625 0.111328125 0.1064453125
3 0.01171875 0.8896484375 0.0234375 0.1220703125
3 0.701171875 0.0107421875 0.1357421875 0.021484375
3 0.2998046875 0.6484375 0.0966796875 0.083984375
3 0.9873046875 0.3515625 0.025390625 0.130859375
3 0.7421875 0.35546875 0.0888671875 0.0888671875
1 0.0166015625 0.65625 0.033203125 0.1376953125
3 0.6162109375 0.2275390625 0.1669921875 0.1484375
3 0.990234375 0.8291015625 0.017578125 0.126953125
3 0.2119140625 0.0107421875 0.1171875 0.021484375
3 0.4736328125 0.716796875 0.0498046875 0.052734375
3 0.576171875 0.990234375 0.134765625 0.0185546875
3 0.013671875 0.66015625 0.0263671875 0.125
1 0.1005859375 0.4345703125 0.1484375 0.1455078125
3 0.283203125 0.658203125 0.0595703125 0.0595703125
3 0.9775390625 0.35546875 0.0439453125 0.1533203125