3 0.1806640625 0.5185546875 0.1279296875 0.109375
1 0.01953125 0.90234375 0.0390625 0.119140625
1 0.484375 0.71875 0.095703125 0.1015625
3 0.400390625 0.4111328125 0.115234375 0.189453125
3 0.337890625 0.921875 0.109375 0.1201171875
3 0.669921875 0.0595703125 0.1376953125 0.1171875
3 0.853515625 0.2802734375 0.119140625 0.109375
1 0.904296875 0.1025390625 0.123046875 0.115234375
1 0.1357421875 0.794921875 0.107421875 0.1044921875
3 0.9375 0.814453125 0.125 0.1484375
3 0.3798828125 0.197265625 0.0966796875 0.0908203125
3 0.8623046875 0.677734375 0.171875 0.177734375
1 0.15234375 0.69140625 0.119140625 0.095703125
3 0.9736328125 0.220703125 0.052734375 0.1171875
3 0.947265625 0.3564453125 0.103515625 0.142578125
1 0.1884765625 0.365234375 0.146484375 0.1845703125
3 0.1357421875 0.796875 0.0986328125 0.103515625
1 0.130859375 0.904296875 0.091796875 0.111328125
3 0.6650390625 0.345703125 0.1376953125 0.138671875
3 0.8095703125 0.1806640625 0.072265625 0.0703125
1 0.552734375 0.251953125 0.0673828125 0.078125
3 0.2509765625 0.0478515625 0.142578125 0.095703125
3 0.9658203125 0.5126953125 0.0673828125 0.1591796875
1 0.37109375 0.068359375 0.0732421875 0.0751953125
3 0.888671875 0.384765625 0.109375 0.1201171875
1 0.251953125 0.048828125 0.1435546875 0.0966796875
3 0.9892578125 0.896484375 0.021484375 0.126953125
3 0.369140625 0.068359375 0.072265625 0.0751953125
1 0.1865234375 0.6689453125 0.197265625 0.140625
1 0.560546875 0.0185546875 0.0703125 0.0361328125
1 0.357421875 0.626953125 0.0390625 0.044921875
3 0.4853515625 0.7802734375 0.0498046875 0.048828125
3 0.904296875 0.1005859375 0.1142578125 0.1171875
1 0.572265625 0.4814453125 0.1142578125 0.115234375
1 0.11328125 0.921875 0.1357421875 0.154296875
3 0.78515625 0.0556640625 0.119140625 0.1064453125