3 0.216796875 0.65234375 0.162109375 0.1455078125
3 0.1884765625 0.283203125 0.146484375 0.126953125
3 0.599609375 0.2021484375 0.142578125 0.126953125
3 0.5595703125 0.119140625 0.1484375 0.134765625
3 0.2421875 0.357421875 0.154296875 0.1328125
3 0.826171875 0.1044921875 0.146484375 0.1279296875
3 0.931640625 0.78125 0.1357421875 0.138671875
3 0.779296875 0.046875 0.154296875 0.091796875
3 0.8525390625 0.49609375 0.1533203125 0.146484375
3 0.8623046875 0.724609375 0.130859375 0.1220703125
3 0.8056640625 0.666015625 0.1220703125 0.119140625
3 0.6279296875 0.46875 0.134765625 0.1298828125
3 0.931640625 0.25390625 0.134765625 0.123046875
3 0.6875 0.544921875 0.146484375 0.158203125
3 0.5859375 0.8017578125 0.134765625 0.134765625
3 0.6455078125 0.8916015625 0.1484375 0.1533203125
3 0.0712890625 0.044921875 0.138671875 0.08984375
3 0.1201171875 0.115234375 0.1484375 0.1357421875
3 0.099609375 0.4140625 0.142578125 0.134765625
3 0.361328125 0.0400390625 0.138671875 0.078125
1 0.4287109375 0.6630859375 0.1220703125 0.1201171875
3 0.138671875 0.5 0.1591796875 0.134765625
3 0.1669921875 0.1962890625 0.119140625 0.109375
3 0.17578125 0.5791015625 0.134765625 0.125
3 0.9013671875 0.5673828125 0.1298828125 0.1220703125
3 0.3994140625 0.099609375 0.130859375 0.111328125
3 0.7470703125 0.599609375 0.1298828125 0.1376953125
3 0.03515625 0.267578125 0.0703125 0.1064453125
3 0.5166015625 0.3388671875 0.115234375 0.111328125
3 0.9462890625 0.0673828125 0.107421875 0.134765625
3 0.533203125 0.0439453125 0.1123046875 0.087890625
3 0.43359375 0.1767578125 0.134765625 0.1298828125
3 0.2822265625 0.439453125 0.1220703125 0.103515625
3 0.279296875 0.7275390625 0.123046875 0.1171875
3 0.3203125 0.5224609375 0.1357421875 0.1328125
3 0.5576171875 0.40625 0.1201171875 0.1201171875
3 0.6650390625 0.2666015625 0.125 0.119140625
3 0.8701171875 0.1806640625 0.142578125 0.134765625
1 0.486328125 0.927734375 0.1064453125 0.099609375
3 0.40625 0.8486328125 0.1376953125 0.1484375
3 0.689453125 0.3525390625 0.142578125 0.1279296875
1 0.05859375 0.345703125 0.1171875 0.1142578125
3 0.376953125 0.5927734375 0.126953125 0.1279296875
1 0.330078125 0.796875 0.130859375 0.126953125
3 0.9658203125 0.8388671875 0.068359375 0.134765625
3 0.494140625 0.7353515625 0.1689453125 0.1767578125
3 0.7783203125 0.4296875 0.1513671875 0.1435546875
3 0.453125 0.2685546875 0.111328125 0.107421875
3 0.04296875 0.76953125 0.083984375 0.130859375
3 0.0283203125 0.16796875 0.056640625 0.0888671875
3 0.037109375 0.96484375 0.07421875 0.0703125
3 0.9599609375 0.3271484375 0.080078125 0.169921875
3 0.9453125 0.630859375 0.109375 0.1142578125
3 0.8076171875 0.9755859375 0.1357421875 0.048828125
3 0.263671875 0.974609375 0.138671875 0.0498046875
3 0.482421875 0.009765625 0.13671875 0.01953125
3 0.9755859375 0.685546875 0.048828125 0.1357421875
3 0.08984375 0.884765625 0.1796875 0.1982421875
3 0.5546875 0.953125 0.158203125 0.09375
3 0.9697265625 0.6083984375 0.0498046875 0.0517578125
3 0.662109375 0.5546875 0.0908203125 0.099609375
3 0.017578125 0.8291015625 0.03515625 0.123046875
3 0.0107421875 0.080078125 0.021484375 0.103515625
3 0.71484375 0.0087890625 0.134765625 0.017578125
3 0.8896484375 0.126953125 0.220703125 0.2529296875
3 0.9912109375 0.1181640625 0.017578125 0.1484375
3 0.9892578125 0.916015625 0.021484375 0.1640625