3 0.5107421875 0.310546875 0.140625 0.1328125
3 0.078125 0.876953125 0.1455078125 0.1376953125
3 0.2431640625 0.66796875 0.126953125 0.1142578125
3 0.40234375 0.455078125 0.1484375 0.1298828125
3 0.2470703125 0.337890625 0.126953125 0.1298828125
3 0.0517578125 0.626953125 0.103515625 0.125
3 0.6298828125 0.1318359375 0.140625 0.150390625
3 0.1376953125 0.8154296875 0.125 0.1220703125
3 0.091796875 0.55859375 0.125 0.1220703125
3 0.56640625 0.220703125 0.1279296875 0.119140625
3 0.140625 0.48046875 0.1298828125 0.1298828125
3 0.2119140625 0.423828125 0.166015625 0.1533203125
3 0.189453125 0.7392578125 0.126953125 0.123046875
3 0.7783203125 0.9658203125 0.140625 0.068359375
3 0.0556640625 0.2705078125 0.109375 0.130859375
3 0.3046875 0.5986328125 0.1171875 0.119140625
3 0.0673828125 0.083984375 0.134765625 0.16796875
3 0.365234375 0.2021484375 0.1220703125 0.1171875
3 0.041015625 0.9384765625 0.08203125 0.119140625
3 0.4326171875 0.1220703125 0.125 0.1220703125
3 0.3525390625 0.5224609375 0.099609375 0.0966796875
3 0.4501953125 0.37890625 0.126953125 0.1357421875
3 0.548828125 0.6484375 0.140625 0.1435546875
3 0.50390625 0.037109375 0.142578125 0.0732421875
3 0.654296875 0.482421875 0.119140625 0.119140625
2 0.8076171875 0.048828125 0.140625 0.095703125
3 0.5556640625 0.0849609375 0.1015625 0.0966796875
3 0.947265625 0.724609375 0.1044921875 0.1533203125
1 0.7919921875 0.287109375 0.177734375 0.1953125
3 0.2900390625 0.94140625 0.185546875 0.115234375
3 0.1494140625 0.1279296875 0.1357421875 0.1435546875
3 0.494140625 0.689453125 0.1142578125 0.107421875
3 0.529296875 0.912109375 0.2001953125 0.1748046875
3 0.3515625 0.890625 0.123046875 0.1142578125
3 0.5888671875 0.8466796875 0.125 0.1123046875
3 0.8896484375 0.3662109375 0.1455078125 0.150390625
3 0.611328125 0.5458984375 0.1298828125 0.130859375
3 0.1962890625 0.6025390625 0.060546875 0.0595703125
3 0.3271484375 0.2822265625 0.171875 0.1533203125
3 0.953125 0.4453125 0.091796875 0.15625
3 0.6943359375 0.720703125 0.1611328125 0.1689453125
3 0.9296875 0.791015625 0.1298828125 0.119140625
3 0.4326171875 0.7412109375 0.0673828125 0.0595703125
3 0.0234375 0.208984375 0.046875 0.1640625
3 0.0234375 0.6923828125 0.046875 0.1171875
3 0.7939453125 0.294921875 0.189453125 0.212890625
3 0.6337890625 0.7998046875 0.1220703125 0.107421875
3 0.271484375 0.9716796875 0.134765625 0.056640625
3 0.361328125 0.2880859375 0.0966796875 0.0908203125
3 0.8876953125 0.837890625 0.123046875 0.119140625
1 0.296875 0.2548828125 0.095703125 0.0908203125
3 0.0263671875 0.04296875 0.052734375 0.0859375
3 0.759765625 0.58984375 0.1923828125 0.212890625
3 0.6884765625 0.2578125 0.15625 0.1826171875
3 0.57421875 0.5947265625 0.109375 0.0986328125
3 0.8486328125 0.8837890625 0.115234375 0.107421875
3 0.912109375 0.427734375 0.0908203125 0.0859375
1 0.0419921875 0.9404296875 0.083984375 0.119140625
3 0.986328125 0.654296875 0.0263671875 0.1455078125
3 0.9794921875 0.517578125 0.041015625 0.125
1 0.7568359375 0.5888671875 0.1953125 0.212890625
3 0.814453125 0.9365234375 0.125 0.111328125
3 0.9111328125 0.8232421875 0.177734375 0.185546875
3 0.4150390625 0.8095703125 0.181640625 0.197265625